4.304059
4.304059
3.826938
4.304059
1.877548
2.712995
4.304059
3.349817
4.304059
4.304059
4.304059
4.304059
4.304059
4.304059
4.304059
4.304059
4.304059
4.304059
4.304059
4.304059
4.304059
4.304059
4.304059
3.826938
4.304059
4.304059
4.304059
3.826938
4.304059
4.304059
4.304059
4.003029
4.304059
2.872696
4.304059
3.826938
2.622818
3.157931
4.304059
3.525908
4.304059
4.304059
4.304059
3.605089
4.304059
4.304059
2.139707
4.304059
3.826938
4.304059
4.304059
4.304059
4.003029
4.304059
4.304059
4.304059
4.304059
4.304059
3.224878
3.262667
4.304059
4.304059
3.701999
4.003029
4.304059
4.304059
4.304059
2.759991
4.304059
4.304059
4.304059
4.304059
4.304059
4.003029
4.304059
4.304059
4.304059
4.304059
4.003029
3.304059
4.304059
3.826938
4.003029
4.304059
4.304059
4.304059
3.190116
4.304059
4.003029
3.400969
4.304059
4.304059
4.304059
4.304059
3.826938
4.304059
3.826938
4.304059
3.826938
4.003029
4.304059
4.304059
4.304059
4.304059
4.003029
4.304059
4.304059
4.304059
3.701999
3.304059
4.304059
3.262667
4.304059
3.826938
4.003029
3.525908
3.826938
4.304059
4.304059
3.826938
4.304059
4.304059
4.304059
4.304059
4.304059
4.003029
4.003029
4.304059
2.906119
4.304059
3.701999
4.304059
4.003029
4.304059
4.304059
4.304059
4.304059
4.304059
4.304059
4.304059
4.304059
4.304059
4.003029
4.304059
4.304059
2.923848
4.304059
4.304059
4.304059
4.304059
4.003029
4.304059
3.605089
3.400969
4.304059
4.304059
4.304059
4.304059
4.003029
4.003029
4.304059
4.304059
4.304059
4.304059
4.304059
4.304059
4.304059
4.304059
3.701999
3.525908
2.747757
2.440737
4.304059
4.304059
4.304059
4.304059
4.304059
4.003029
3.458961
4.304059
3.826938
4.304059
2.670591
4.304059
4.304059
4.304059
3.400969
4.304059
4.304059
4.304059
4.304059
4.304059
3.826938
4.304059
4.304059
4.304059
4.304059
4.304059
2.785546
4.304059
4.003029
3.605089
4.304059
4.304059
2.812698
3.701999
4.304059
4.304059
4.304059
3.605089
4.304059
4.304059
4.304059
4.304059
4.304059
4.304059
4.304059
4.304059
3.605089
4.304059
4.304059
4.304059
4.304059
3.157931
4.003029
4.304059
4.304059
3.349817
4.304059
3.826938
3.701999
4.304059
4.003029
3.826938
3.605089
4.304059
4.003029
4.304059
4.304059
4.304059
4.304059
2.872696
4.304059
4.304059
3.701999
3.701999
2.533207
4.304059
4.304059
4.304059
4.304059
4.304059
4.304059
4.304059
2.961637
4.304059
3.025306
3.525908
3.025306
3.262667
3.262667
4.304059
4.304059
4.304059
4.003029
4.304059
4.304059
3.525908
3.826938
4.304059
3.073611
4.304059
4.304059
4.304059
4.003029
3.826938
2.270636
4.304059
4.304059
4.304059
4.003029
4.003029
4.304059
4.304059
4.304059
4.304059
4.304059
4.003029
4.304059
4.304059
4.304059
4.304059
3.605089
4.304059
4.003029
1.837192
3.826938
4.003029
3.048787
4.304059
3.701999
4.003029
4.003029
4.304059
4.304059
4.304059
2.680810
4.304059
4.304059
4.304059
4.304059
4.304059
3.701999
4.304059
4.304059
4.304059
3.826938
4.304059
3.826938
4.304059
2.650847
2.772581
4.304059
4.304059
4.304059
3.458961
4.304059
4.304059
4.304059
4.304059
4.304059
4.304059
4.003029
3.826938
4.304059
4.304059
1.458341
3.605089
3.701999
4.304059
4.304059
4.304059
4.304059
3.525908
2.511668
4.304059
4.304059
4.304059
3.701999
4.304059
4.304059
2.798909
4.304059
2.872696
4.003029
3.605089
3.701999
3.525908
2.841661
1.977724
4.304059
3.458961
3.826938
4.304059
3.224878
4.304059
4.304059
4.304059
2.525908
4.304059
4.304059
2.785546
3.701999
2.579784
4.304059
4.304059
4.304059
3.826938
4.304059
3.701999
4.304059
4.304059
3.826938
4.003029
3.605089
3.605089
3.458961
4.304059
4.304059
3.400969
3.826938
1.885758
3.349817
4.003029
4.304059
4.003029
4.304059
4.304059
2.232177
3.073611
4.304059
4.304059
3.190116
4.003029
4.304059
1.829843
3.458961
3.458961
2.680810
4.304059
4.304059
3.525908
4.304059
4.304059
3.400969
4.304059
2.596489
4.003029
4.304059
4.304059
4.003029
4.003029
3.826938
4.304059
4.304059
1.520871
4.304059
3.525908
3.349817
4.304059
3.605089
4.304059
4.003029
4.304059
2.631962
4.304059
3.701999
4.003029
2.680810
3.048787
3.458961
3.605089
3.826938
4.304059
3.605089
4.304059
3.826938
4.304059
4.304059
4.003029
3.304059
3.826938
2.872696
2.961637
4.304059
4.304059
4.304059
4.304059
4.304059
4.304059
4.304059
3.349817
4.304059
2.872696
4.304059
4.304059
4.304059
3.262667
4.304059
4.304059
3.190116
2.359577
3.224878
4.304059
3.127968
3.701999
4.304059
4.304059
3.826938
3.400969
4.304059
3.701999
4.003029
4.304059
4.304059
4.304059
3.525908
2.981840
3.605089
3.826938
4.304059
3.458961
1.330470
4.304059
4.304059
2.258736
2.798909
4.304059
4.304059
3.605089
3.826938
3.349817
4.304059
4.304059
4.003029
3.525908
3.826938
3.157931
3.525908
4.304059
4.304059
4.304059
3.826938
4.304059
3.127968
4.304059
4.003029
3.826938
4.304059
4.304059
4.003029
4.304059
4.304059
4.304059
4.304059
4.304059
4.304059
4.304059
2.650847
4.003029
4.304059
4.304059
4.304059
3.190116
4.304059
4.003029
3.826938
3.826938
3.073611
3.025306
3.826938
3.701999
3.525908
4.304059
4.304059
2.650847
3.826938
4.304059
3.157931
4.304059
4.304059
4.003029
4.003029
4.003029
4.304059
4.304059
4.304059
4.304059
4.304059
4.304059
4.304059
4.304059
4.304059
4.304059
4.304059
3.525908
4.304059
4.003029
4.304059
4.304059
4.003029
4.003029
4.003029
3.605089
4.003029
3.701999
4.003029
4.304059
4.003029
3.701999
4.304059
4.304059
4.304059
4.304059
4.304059
4.304059
4.304059
4.304059
4.304059
4.304059
3.525908
4.304059
4.003029
4.304059
3.157931
4.304059
2.798909
4.304059
4.304059
4.304059
4.304059
4.304059
3.701999
4.304059
4.304059
3.701999
4.304059
4.003029
4.304059
3.605089
4.003029
4.304059
4.304059
4.304059
3.826938
3.349817
4.304059
4.304059
4.304059
4.304059
4.003029
2.200256
4.003029
3.701999
4.304059
4.304059
4.304059
4.304059
4.304059
4.003029
4.304059
3.003029
4.304059
4.304059
4.304059
4.304059
4.304059
4.003029
4.304059
3.099939
3.826938
3.701999
3.605089
4.304059
3.701999
4.304059
3.605089
3.349817
4.304059
3.605089
3.701999
3.701999
3.458961
4.304059
4.304059
4.304059
4.304059
3.400969
4.304059
4.304059
4.304059
4.304059
4.304059
4.003029
3.701999
4.304059
4.304059
4.304059
4.304059
4.304059
4.304059
4.003029
3.224878
4.304059
4.304059
4.304059
4.304059
4.304059
2.961637
4.304059
4.304059
4.003029
3.826938
4.304059
4.003029
4.304059
4.003029
4.003029
4.304059
4.304059
4.304059
4.304059
4.304059
4.304059
4.304059
4.304059
4.304059
4.304059
4.003029
4.304059
3.826938
4.304059
4.304059
4.304059
4.304059
4.304059
4.304059
4.304059
4.304059
4.304059
3.400969
4.304059
3.701999
4.304059
2.650847
2.798909
2.691276
4.304059
2.712995
4.003029
2.406432
4.304059
4.304059
3.190116
2.942332
3.605089
4.003029
4.304059
4.003029
2.906119
3.224878
4.304059
3.701999
3.304059
2.724276
4.304059
4.304059
4.304059
4.304059
3.701999
3.073611
3.826938
1.922042
3.605089
2.691276
3.127968
3.826938
4.003029
4.304059
4.003029
4.304059
4.304059
4.003029
4.304059
4.003029
4.304059
3.262667
4.304059
4.304059
1.942332
4.304059
4.304059
4.304059
4.003029
4.304059
4.304059
4.304059
4.304059
4.003029
3.048787
2.942332
4.304059
4.304059
3.003029
4.304059
4.304059
3.701999
4.003029
4.304059
3.400969
4.304059
4.304059
3.826938
4.003029
3.349817
3.701999
4.304059
4.304059
3.605089
4.304059
3.826938
4.304059
4.304059
4.304059
4.304059
4.304059
3.304059
4.304059
4.304059
4.304059
2.961637
4.304059
4.304059
4.304059
3.826938
4.304059
4.304059
4.304059
2.872696
4.304059
3.826938
4.304059
4.304059
4.304059
4.304059
4.304059
4.003029
4.304059
4.304059
4.304059
4.003029
4.003029
4.304059
3.605089
4.304059
4.304059
3.826938
4.304059
4.304059
4.304059
4.304059
4.304059
4.304059
3.349817
2.841661
4.304059
4.003029
4.304059
3.525908
4.003029
4.304059
4.304059
4.304059
2.116539
4.304059
4.304059
2.812698
3.262667
4.304059
3.003029
4.304059
4.304059
4.304059
3.826938
4.003029
3.701999
3.400969
3.826938
3.701999
4.304059
4.304059
4.304059
4.304059
3.157931
3.304059
4.003029
4.304059
4.304059
4.304059
4.304059
4.304059
4.003029
4.304059
4.304059
3.826938
3.400969
4.304059
4.304059
4.304059
4.304059
4.304059
3.224878
4.304059
4.003029
4.003029
3.826938
4.304059
4.304059
4.304059
4.304059
3.400969
4.304059
4.304059
4.003029
4.304059
4.304059
4.304059
4.304059
4.003029
3.003029
4.304059
4.304059
3.826938
4.304059
4.304059
4.003029
4.003029
4.304059
4.003029
3.701999
4.003029
4.304059
2.981840
4.304059
3.157931
3.525908
4.304059
3.525908
3.127968
4.003029
4.003029
4.304059
4.304059
4.304059
4.304059
4.003029
4.003029
3.605089
3.826938
4.304059
4.304059
4.304059
4.304059
4.003029
4.003029
3.073611
4.304059
4.003029
3.826938
4.304059
4.003029
4.304059
4.304059
4.304059
4.304059
4.304059
4.304059
4.304059
4.304059
4.304059
4.304059
4.304059
4.304059
4.304059
2.406432
3.400969
4.304059
4.304059
3.525908
4.304059
4.304059
4.304059
4.304059
4.003029
4.304059
4.304059
4.304059
4.304059
4.003029
4.304059
4.304059
4.304059
2.906119
3.127968
4.304059
3.701999
3.701999
3.826938
3.701999
3.605089
2.872696
4.304059
2.563697
3.701999
3.127968
4.304059
4.304059
4.304059
4.304059
4.304059
4.304059
4.304059
4.304059
3.605089
3.304059
4.304059
4.304059
3.826938
4.304059
4.304059
3.525908
4.304059
4.304059
2.262667
4.304059
4.304059
3.701999
4.304059
4.003029
3.304059
4.304059
4.304059
4.304059
3.605089
4.304059
4.003029
4.304059
4.304059
4.304059
4.304059
4.304059
4.304059
3.262667
3.400969
3.458961
4.304059
3.458961
4.304059
4.304059
4.304059
4.304059
4.304059
4.304059
4.003029
4.304059
4.304059
4.003029
4.003029
3.605089
4.304059
4.003029
4.304059
2.650847
3.826938
2.511668
4.304059
4.304059
4.304059
4.304059
4.304059
4.304059
4.003029
4.003029
4.304059
4.003029
3.349817
4.304059
3.605089
4.304059
3.701999
3.701999
4.304059
4.304059
4.304059
4.304059
4.304059
4.304059
4.003029
4.304059
4.003029
4.304059
4.304059
4.003029
4.304059
4.304059
4.304059
4.304059
4.304059
4.304059
4.304059
4.304059
4.304059
2.452801
2.533207
4.003029
4.304059
4.304059
4.304059
3.262667
3.458961
4.003029
3.073611
4.003029
4.003029
3.826938
4.304059
4.304059
4.304059
4.003029
4.304059
4.304059
2.511668
3.048787
4.304059
4.304059
4.304059
4.304059
3.349817
4.304059
2.641302
4.304059
4.304059
4.304059
2.196849
1.996563
4.003029
4.003029
4.304059
4.304059
4.003029
4.304059
4.304059
4.003029
4.304059
2.579784
3.826938
3.701999
4.304059
3.701999
4.304059
4.304059
4.304059
3.525908
4.304059
4.304059
4.003029
4.304059
4.304059
4.003029
4.003029
3.826938
3.400969
2.856901
4.304059
4.304059
2.724276
4.304059
4.304059
4.304059
3.458961
4.003029
2.210638
3.605089
3.073611
3.701999
2.856901
4.304059
3.605089
4.304059
3.605089
3.525908
4.003029
4.003029
4.304059
3.224878
4.304059
4.304059
4.304059
3.073611
4.304059
4.304059
4.003029
4.304059
4.003029
4.003029
4.003029
4.304059
3.224878
2.841661
4.304059
4.304059
4.304059
4.003029
4.304059
3.826938
4.304059
2.299738
4.003029
4.304059
4.304059
3.826938
4.304059
4.304059
4.304059
4.304059
4.304059
4.304059
3.826938
4.003029
4.304059
4.304059
4.304059
3.701999
3.127968
4.003029
4.003029
3.701999
3.458961
4.304059
4.304059
2.981840
3.826938
4.304059
4.304059
4.304059
4.304059
4.304059
4.304059
2.942332
4.304059
4.304059
3.826938
3.826938
4.304059
3.605089
4.304059
3.349817
4.304059
3.262667
3.826938
4.304059
3.826938
4.304059
4.304059
4.304059
4.304059
4.304059
3.701999
4.003029
3.349817
3.605089
4.003029
3.458961
4.304059
4.003029
3.701999
4.304059
4.003029
4.003029
4.003029
4.304059
2.906119
3.349817
4.304059
4.003029
4.003029
4.304059
3.073611
3.701999
4.304059
3.458961
4.003029
4.304059
4.304059
4.304059
2.203689
4.304059
4.304059
2.660607
4.304059
4.304059
4.304059
4.304059
2.872696
4.304059
4.304059
4.304059
3.224878
4.304059
3.400969
3.400969
4.304059
3.605089
4.304059
4.304059
3.826938
4.003029
3.826938
4.003029
4.304059
4.304059
4.304059
4.304059
4.304059
2.735858
4.304059
4.304059
4.003029
4.304059
4.304059
4.304059
4.304059
4.304059
3.224878
4.003029
4.304059
3.605089
4.003029
4.304059
4.304059
4.304059
4.304059
4.304059
4.304059
3.605089
4.304059
4.304059
4.304059
3.701999
4.304059
2.772581
3.400969
3.349817
4.304059
4.304059
4.003029
4.003029
4.304059
2.923848
3.826938
3.826938
3.400969
4.304059
3.826938
4.304059
3.826938
3.701999
3.826938
4.003029
4.304059
3.826938
4.304059
4.304059
4.304059
3.525908
3.525908
3.605089
4.003029
4.304059
3.400969
3.025306
3.224878
2.923848
4.304059
4.003029
4.304059
4.304059
3.099939
2.511668
4.304059
3.826938
4.304059
4.304059
4.304059
4.304059
3.826938
4.304059
4.304059
4.304059
3.605089
2.533207
2.981840
3.458961
3.701999
3.826938
4.304059
3.605089
2.440737
3.525908
2.747757
2.384981
3.701999
3.224878
4.003029
2.287026
2.270636
4.003029
4.304059
3.262667
4.304059
4.304059
3.701999
3.224878
2.872696
4.304059
4.304059
4.304059
4.304059
3.262667
3.605089
3.701999
4.304059
4.304059
4.304059
3.826938
2.359577
3.458961
4.304059
4.304059
3.605089
2.428998
2.125083
4.304059
4.003029
3.701999
3.826938
4.003029
4.304059
4.003029
2.345018
4.304059
3.157931
3.605089
3.224878
3.605089
4.003029
4.304059
4.304059
3.826938
4.304059
4.003029
4.304059
4.304059
4.304059
3.701999
4.003029
2.798909
3.458961
3.458961
4.003029
4.304059
4.304059
4.304059
4.003029
4.304059
4.003029
4.304059
4.304059
4.003029
4.304059
4.304059
3.048787
2.841661
4.304059
4.003029
4.003029
4.304059
4.304059
3.400969
2.961637
4.304059
3.826938
4.304059
2.981840
4.304059
4.003029
3.826938
2.772581
3.826938
4.304059
2.812698
4.304059
4.304059
3.525908
4.003029
3.190116
4.304059
4.304059
4.304059
3.826938
2.641302
2.258736
4.304059
4.304059
4.304059
3.157931
4.003029
3.349817
3.458961
4.003029
4.304059
4.304059
4.304059
4.304059
4.304059
3.400969
3.304059
4.304059
4.304059
4.304059
4.304059
4.304059
4.304059
4.304059
3.304059
3.400969
4.304059
4.304059
3.157931
3.304059
4.003029
3.826938
4.304059
4.304059
3.826938
4.304059
4.304059
4.304059
4.304059
4.304059
4.003029
3.003029
3.400969
4.304059
4.003029
4.304059
4.304059
4.304059
4.304059
4.304059
4.304059
3.605089
3.826938
4.304059
4.304059
4.304059
4.304059
3.701999
4.304059
3.826938
3.701999
4.304059
4.304059
4.304059
4.003029
4.304059
4.304059
4.304059
4.304059
4.304059
4.304059
4.304059
4.003029
4.003029
4.304059
4.304059
4.003029
2.555871
2.923848
4.304059
4.304059
4.304059
4.304059
4.304059
4.304059
4.304059
4.304059
3.525908
3.003029
3.605089
4.304059
4.304059
4.304059
3.157931
3.826938
4.304059
4.304059
4.304059
3.349817
4.304059
3.605089
4.304059
3.826938
4.304059
4.304059
4.304059
3.458961
4.304059
3.262667
4.003029
4.304059
2.691276
4.304059
4.304059
4.304059
4.304059
4.304059
4.003029
3.605089
4.304059
4.304059
4.304059
4.304059
4.304059
4.304059
4.003029
3.701999
2.641302
4.304059
4.304059
2.906119
4.304059
3.826938
4.003029
2.605089
4.304059
2.923848
4.304059
4.304059
4.304059
4.304059
3.826938
4.304059
4.304059
4.003029
4.304059
4.304059
4.304059
4.304059
4.304059
3.262667
3.349817
4.304059
2.812698
4.304059
4.304059
4.304059
4.304059
4.304059
3.349817
3.525908
4.304059
4.003029
4.003029
4.304059
4.304059
4.304059
3.349817
3.826938
3.304059
4.003029
4.003029
3.826938
4.003029
4.304059
4.304059
4.304059
4.003029
3.826938
4.304059
4.304059
4.304059
4.304059
4.304059
4.304059
4.304059
4.304059
4.304059
2.906119
2.369561
4.003029
4.003029
3.458961
4.304059
4.304059
3.826938
3.304059
4.003029
4.304059
2.680810
4.304059
3.157931
4.304059
4.304059
3.826938
4.304059
2.613863
3.400969
3.349817
4.304059
4.304059
4.304059
4.304059
4.304059
4.304059
3.826938
4.304059
4.304059
4.304059
4.304059
3.701999
3.826938
3.073611
3.304059
2.428998
3.224878
4.304059
3.525908
3.826938
3.826938
4.003029
4.003029
4.304059
4.304059
3.826938
4.304059
4.304059
4.304059
4.003029
4.003029
4.304059
3.224878
4.304059
4.304059
4.304059
4.304059
4.304059
3.826938
4.304059
4.304059
4.304059
2.981840
3.400969
3.458961
3.458961
4.304059
3.605089
2.961637
3.025306
4.003029
4.304059
4.304059
4.304059
3.826938
3.826938
2.511668
4.003029
3.826938
4.304059
3.826938
4.304059
4.304059
4.304059
3.157931
4.304059
4.304059
3.826938
4.304059
4.304059
3.826938
3.605089
4.304059
2.701999
3.525908
4.003029
4.304059
4.304059
4.304059
4.304059
4.304059
4.304059
4.304059
3.826938
4.003029
4.304059
4.304059
4.304059
4.304059
3.826938
4.304059
4.304059
3.157931
3.458961
3.701999
4.003029
4.003029
4.304059
4.003029
3.525908
3.157931
3.701999
3.826938
3.605089
3.304059
2.411965
4.304059
4.304059
3.605089
4.304059
2.154840
4.304059
4.003029
3.525908
4.304059
3.826938
4.304059
4.304059
4.304059
4.304059
2.525908
4.304059
4.304059
2.295459
4.003029
4.003029
4.304059
4.304059
4.304059
4.304059
4.304059
4.304059
4.304059
3.605089
3.190116
2.798909
4.304059
3.025306
4.304059
2.724276
4.304059
4.304059
4.304059
4.003029
4.304059
3.826938
4.304059
4.304059
4.304059
4.003029
4.304059
4.304059
4.304059
4.304059
3.826938
3.701999
4.304059
4.304059
4.304059
4.304059
4.304059
4.304059
4.304059
3.400969
4.304059
4.304059
4.304059
4.304059
4.304059
3.826938
4.003029
4.304059
3.701999
2.563697
4.304059
4.304059
4.304059
4.304059
3.701999
3.605089
4.304059
4.304059
4.304059
4.304059
4.304059
3.826938
2.258736
4.304059
3.262667
3.826938
4.304059
3.701999
4.003029
3.701999
2.812698
3.003029
4.304059
4.304059
4.304059
3.458961
3.826938
2.889086
3.073611
4.003029
3.099939
3.525908
4.304059
4.304059
4.304059
4.003029
3.525908
3.400969
4.304059
4.003029
3.349817
3.701999
4.304059
3.701999
3.826938
4.003029
4.304059
4.304059
3.157931
3.826938
4.304059
4.304059
4.304059
4.304059
3.701999
4.304059
3.605089
3.224878
4.003029
3.826938
4.003029
2.622818
3.701999
4.003029
3.458961
3.826938
4.003029
4.304059
4.304059
4.304059
4.304059
4.304059
4.003029
4.003029
4.304059
3.826938
3.826938
3.458961
4.304059
3.701999
4.003029
4.003029
4.304059
4.304059
4.304059
3.190116
4.304059
2.812698
4.003029
2.872696
3.701999
4.304059
4.304059
2.923848
4.304059
4.304059
4.304059
4.304059
4.304059
2.981840
4.003029
4.003029
4.304059
4.304059
1.451579
3.525908
3.224878
4.304059
3.525908
4.304059
4.304059
4.304059
4.304059
4.304059
4.304059
4.304059
3.003029
3.458961
4.003029
3.701999
3.826938
4.304059
2.533207
4.304059
4.304059
2.525908
2.759991
3.826938
4.304059
4.304059
4.304059
4.304059
4.003029
4.304059
4.304059
4.304059
4.304059
3.826938
4.304059
4.304059
4.304059
4.304059
4.003029
4.304059
4.304059
4.003029
4.003029
2.650847
4.003029
3.605089
4.304059
4.304059
4.304059
3.605089
3.826938
4.304059
4.304059
2.207149
4.304059
4.304059
4.304059
4.304059
2.089216
4.304059
1.931147
3.826938
2.872696
4.003029
4.003029
4.003029
3.525908
3.525908
3.605089
4.304059
4.304059
4.003029
2.961637
3.525908
3.073611
4.304059
4.304059
4.304059
4.304059
2.142691
4.304059
4.304059
4.304059
4.003029
3.701999
3.157931
4.304059
4.003029
4.304059
4.304059
4.304059
4.304059
3.400969
4.304059
4.304059
4.304059
4.304059
4.304059
4.304059
4.304059
4.304059
4.304059
4.304059
2.458961
4.304059
4.003029
3.701999
4.304059
3.099939
4.304059
3.190116
4.304059
4.304059
4.304059
3.605089
3.605089
4.304059
2.691276
4.304059
4.304059
3.525908
4.304059
4.304059
3.701999
4.304059
4.003029
4.304059
4.003029
4.304059
4.304059
3.701999
4.003029
4.304059
2.465210
4.304059
4.304059
4.304059
3.525908
4.304059
4.304059
4.304059
3.400969
4.304059
3.400969
4.003029
3.605089
4.003029
2.923848
3.826938
4.304059
4.304059
4.003029
4.304059
4.304059
3.525908
4.304059
4.003029
3.349817
4.304059
4.304059
4.304059
3.605089
1.909608
4.304059
4.304059
4.304059
4.304059
3.458961
2.772581
3.605089
4.003029
4.003029
4.304059
4.304059
3.349817
3.826938
4.003029
4.304059
3.701999
4.003029
4.304059
4.304059
3.826938
4.304059
3.826938
4.304059
3.304059
4.304059
3.701999
4.003029
4.304059
3.349817
4.003029
3.400969
3.826938
3.525908
4.304059
4.304059
2.384981
3.826938
3.525908
4.304059
4.304059
4.304059
3.262667
4.304059
4.304059
4.003029
4.304059
3.304059
3.826938
4.304059
3.826938
4.304059
3.826938
1.959667
4.003029
3.826938
4.304059
4.304059
4.304059
4.304059
3.400969
2.076173
3.525908
4.304059
4.003029
1.723134
3.224878
4.304059
4.304059
4.304059
3.099939
4.003029
4.003029
3.826938
4.304059
2.872696
4.003029
4.304059
4.304059
3.826938
4.304059
4.304059
3.349817
4.003029
4.304059
3.701999
3.826938
4.304059
4.003029
4.003029
4.304059
4.304059
4.304059
4.304059
4.304059
4.304059
4.304059
2.631962
3.826938
4.304059
3.458961
2.224878
4.003029
4.304059
3.701999
4.304059
3.605089
4.304059
3.826938
3.826938
3.826938
4.304059
4.304059
3.826938
4.304059
4.304059
4.304059
4.304059
4.304059
4.304059
4.304059
4.304059
4.003029
4.304059
4.304059
4.003029
4.304059
4.003029
4.003029
3.025306
3.349817
4.304059
4.003029
4.003029
4.003029
3.025306
4.304059
4.003029
4.304059
4.304059
4.304059
4.304059
4.304059
4.304059
4.304059
4.304059
3.224878
4.003029
3.826938
4.304059
4.304059
4.304059
4.304059
4.304059
4.304059
4.304059
4.304059
4.304059
3.701999
4.304059
4.304059
4.003029
4.003029
3.525908
3.458961
3.826938
4.304059
4.304059
3.525908
3.826938
4.304059
4.304059
4.304059
3.701999
3.525908
4.304059
3.605089
4.304059
3.605089
2.061021
4.304059
4.003029
4.003029
3.349817
4.304059
4.304059
4.003029
4.003029
4.003029
4.304059
4.304059
4.304059
4.304059
3.826938
4.304059
4.304059
4.304059
4.304059
4.304059
4.304059
4.304059
4.304059
4.003029
4.003029
4.003029
3.826938
4.304059
4.304059
4.304059
4.304059
4.304059
4.304059
4.003029
3.127968
4.003029
4.304059
4.003029
3.701999
4.003029
3.525908
4.003029
3.190116
3.826938
3.349817
4.304059
3.525908
3.826938
3.525908
3.525908
3.826938
3.701999
4.003029
3.826938
4.304059
3.525908
4.304059
3.190116
4.304059
4.304059
4.304059
3.701999
4.304059
3.826938
3.525908
3.099939
3.605089
4.304059
4.003029
4.304059
4.304059
4.304059
2.701999
3.400969
4.304059
1.852273
4.304059
4.304059
3.349817
4.003029
4.304059
3.701999
4.304059
4.304059
4.304059
4.304059
4.304059
4.304059
3.127968
3.458961
3.701999
3.826938
4.304059
4.304059
4.304059
1.973646
4.304059
4.304059
4.304059
4.304059
4.304059
4.304059
4.304059
4.304059
4.304059
4.304059
2.923848
3.157931
2.183486
4.304059
3.458961
4.304059
4.304059
4.304059
4.304059
4.003029
4.003029
4.304059
4.304059
4.304059
4.304059
4.304059
4.003029
3.826938
4.003029
4.304059
4.304059
4.003029
4.304059
4.304059
3.826938
4.003029
4.304059
3.003029
3.826938
3.525908
3.157931
4.304059
3.701999
4.003029
4.003029
4.003029
4.304059
4.304059
3.157931
4.304059
4.304059
4.304059
3.701999
4.304059
3.701999
4.304059
3.605089
4.003029
4.304059
4.304059
4.304059
4.304059
4.003029
4.003029
4.304059
4.304059
4.304059
4.304059
3.701999
4.304059
4.304059
3.826938
3.003029
3.073611
4.304059
4.304059
4.003029
4.304059
1.755056
4.304059
2.571666
4.304059
4.003029
4.304059
3.458961
4.304059
4.304059
4.304059
4.003029
4.304059
4.304059
4.304059
4.304059
3.826938
4.304059
3.157931
3.826938
4.304059
3.605089
4.304059
3.826938
4.304059
4.304059
4.304059
2.379780
2.631962
2.278754
4.304059
4.003029
3.400969
3.826938
2.631962
4.003029
3.458961
3.349817
3.605089
4.304059
4.304059
4.304059
3.525908
4.304059
3.127968
3.605089
4.304059
3.605089
3.826938
3.701999
3.701999
3.701999
2.942332
4.304059
4.304059
4.304059
4.304059
4.003029
3.048787
2.133798
4.304059
4.304059
3.224878
3.605089
4.304059
3.701999
3.826938
4.304059
4.003029
4.304059
3.400969
4.304059
3.605089
4.304059
4.003029
4.304059
4.304059
4.304059
4.304059
4.304059
3.605089
2.906119
4.304059
3.304059
4.304059
3.826938
4.304059
4.304059
4.304059
4.003029
4.304059
3.190116
3.127968
4.304059
4.304059
4.304059
4.304059
3.525908
3.826938
3.400969
3.025306
4.304059
4.304059
4.304059
4.304059
4.304059
4.003029
4.003029
4.003029
4.304059
3.826938
4.304059
4.304059
4.003029
4.304059
3.025306
3.400969
4.304059
4.304059
2.605089
4.304059
4.304059
4.304059
3.157931
3.605089
3.701999
4.003029
3.400969
4.304059
4.003029
4.304059
3.525908
3.525908
4.304059
4.304059
4.304059
4.003029
2.491146
3.605089
4.003029
4.304059
3.605089
4.304059
4.304059
4.304059
3.400969
4.003029
4.003029
4.304059
4.304059
4.304059
4.304059
3.826938
4.304059
4.304059
3.826938
4.304059
4.304059
4.304059
3.349817
2.379780
3.458961
4.304059
4.304059
4.304059
4.304059
4.304059
3.826938
4.304059
4.304059
2.417569
4.304059
4.304059
4.304059
4.304059
4.304059
4.304059
4.304059
4.304059
3.701999
4.304059
4.304059
4.304059
4.304059
4.304059
4.304059
4.304059
4.304059
3.826938
4.304059
4.304059
3.127968
4.304059
3.826938
4.304059
4.304059
4.304059
4.304059
4.304059
4.304059
4.304059
3.400969
1.041371
3.605089
3.826938
4.003029
4.304059
4.304059
4.304059
2.856901
2.872696
4.304059
3.458961
3.262667
4.003029
4.304059
4.304059
4.304059
4.003029
2.747757
4.304059
4.304059
4.304059
4.304059
4.304059
4.304059
4.003029
4.304059
4.304059
2.650847
4.304059
4.304059
3.826938
4.304059
3.826938
4.003029
4.304059
4.304059
4.304059
4.304059
4.304059
4.304059
4.304059
2.417569
3.048787
4.304059
4.304059
3.701999
4.304059
2.299738
3.826938
4.304059
4.304059
4.003029
3.349817
4.304059
3.826938
3.826938
4.304059
4.003029
4.304059
4.003029
4.304059
4.304059
4.003029
4.304059
2.588056
3.605089
4.003029
4.003029
2.856901
4.003029
4.304059
4.304059
4.304059
4.304059
3.701999
4.003029
4.304059
4.003029
4.304059
4.304059
4.304059
4.304059
4.304059
3.826938
2.417569
4.304059
4.003029
3.826938
4.304059
3.701999
4.304059
4.304059
4.304059
4.304059
4.304059
3.224878
4.304059
4.003029
4.304059
4.304059
4.304059
3.400969
4.003029
3.826938
4.304059
4.304059
4.003029
3.701999
4.304059
4.304059
4.304059
3.458961
4.304059
4.304059
3.605089
4.304059
4.304059
4.304059
3.826938
4.304059
3.605089
3.701999
3.400969
4.304059
3.458961
4.304059
4.304059
4.304059
4.304059
4.304059
3.826938
4.304059
4.304059
4.304059
4.304059
4.304059
3.701999
4.304059
4.304059
3.190116
2.680810
4.304059
4.304059
4.304059
4.304059
4.003029
4.304059
4.304059
4.304059
4.304059
4.304059
4.304059
4.304059
4.304059
2.772581
3.826938
3.605089
4.304059
4.304059
4.304059
3.304059
3.826938
4.304059
4.304059
4.304059
4.304059
4.304059
3.826938
4.304059
3.701999
4.304059
4.304059
3.349817
4.304059
4.304059
4.304059
4.304059
3.525908
4.304059
3.458961
4.304059
4.304059
4.003029
4.003029
4.304059
3.458961
3.458961
4.304059
3.701999
4.304059
3.304059
3.224878
4.304059
2.826938
4.304059
4.304059
4.304059
4.304059
4.304059
4.304059
4.304059
4.304059
4.304059
3.826938
4.304059
4.003029
4.304059
3.826938
4.304059
4.304059
3.224878
4.304059
4.304059
4.304059
4.003029
4.304059
4.003029
4.304059
4.304059
3.304059
4.304059
4.304059
3.262667
4.304059
4.304059
4.003029
4.304059
4.304059
4.304059
4.304059
4.304059
4.304059
4.304059
4.304059
3.073611
4.304059
4.304059
3.190116
4.304059
4.304059
4.304059
4.304059
4.304059
4.304059
3.304059
4.304059
3.400969
4.304059
3.349817
3.400969
4.003029
2.772581
2.579784
4.304059
4.304059
4.304059
4.304059
3.525908
4.304059
1.874307
4.304059
4.304059
4.304059
4.304059
4.304059
4.304059
3.525908
4.304059
4.003029
4.003029
2.533207
4.304059
4.304059
4.304059
4.003029
4.304059
3.349817
4.003029
4.003029
4.304059
3.826938
3.605089
4.304059
3.701999
3.073611
4.304059
4.003029
2.089216
3.826938
3.525908
3.701999
2.345018
2.923848
4.304059
4.003029
4.304059
4.304059
4.304059
4.304059
4.304059
3.304059
4.304059
4.003029
4.304059
4.304059
3.826938
4.304059
4.304059
4.304059
3.701999
3.048787
4.003029
2.274676
3.349817
4.304059
3.701999
3.826938
4.304059
4.304059
4.304059
4.304059
4.003029
4.003029
2.747757
4.304059
4.304059
4.304059
4.304059
3.127968
3.400969
3.605089
2.759991
2.406432
3.701999
3.826938
4.003029
4.304059
4.304059
4.003029
4.003029
3.262667
4.003029
3.605089
2.622818
3.262667
4.304059
4.003029
3.400969
4.304059
4.304059
4.304059
3.525908
3.701999
2.139707
4.304059
4.304059
4.304059
4.304059
3.605089
4.304059
4.003029
3.701999
4.304059
4.304059
3.458961
4.304059
2.349817
3.400969
2.304059
4.304059
3.701999
4.304059
4.003029
3.525908
3.826938
3.525908
4.304059
4.304059
3.701999
4.304059
2.826938
3.826938
4.003029
4.304059
3.826938
4.304059
2.785546
4.304059
4.304059
4.304059
4.304059
3.826938
4.304059
4.304059
2.841661
4.304059
4.304059
4.304059
4.003029
3.701999
2.390246
4.304059
2.326336
4.003029
4.003029
3.525908
3.304059
2.548185
3.826938
3.349817
4.304059
2.906119
3.190116
4.304059
4.304059
3.400969
3.701999
3.262667
4.304059
4.304059
3.190116
4.003029
3.025306
4.304059
4.003029
4.304059
4.003029
4.003029
3.400969
3.826938
3.701999
4.003029
3.099939
4.003029
3.826938
3.525908
4.304059
4.304059
4.304059
4.304059
2.102662
1.329548
4.304059
4.304059
4.304059
1.676694
4.304059
3.701999
4.304059
4.304059
4.304059
4.304059
3.701999
4.304059
3.826938
4.003029
4.304059
3.605089
3.701999
4.003029
4.304059
4.304059
4.304059
3.605089
4.304059
3.525908
4.304059
4.003029
3.224878
4.003029
4.304059
2.942332
3.073611
3.349817
4.304059
4.304059
4.304059
4.304059
2.025306
4.304059
4.304059
4.304059
4.304059
3.025306
4.003029
4.304059
4.304059
4.304059
4.304059
4.003029
4.304059
4.003029
4.304059
4.304059
4.304059
4.304059
4.304059
4.304059
4.304059
4.304059
4.304059
4.304059
4.003029
3.826938
4.304059
4.003029
4.304059
4.304059
4.304059
4.304059
4.304059
4.304059
4.304059
4.304059
4.304059
4.003029
4.003029
4.304059
4.304059
3.349817
3.605089
4.003029
4.304059
4.304059
4.304059
4.304059
4.304059
4.304059
3.099939
4.304059
4.304059
3.190116
4.304059
4.304059
3.826938
4.003029
4.003029
3.605089
4.304059
4.304059
1.843162
4.304059
4.304059
1.900939
2.747757
3.190116
3.826938
2.170521
4.304059
4.304059
4.304059
4.304059
4.304059
4.304059
4.304059
3.458961
4.304059
4.304059
3.701999
4.304059
4.304059
4.003029
4.304059
4.304059
4.304059
3.701999
4.003029
2.680810
3.400969
3.826938
4.304059
4.304059
4.304059
4.304059
4.304059
4.304059
3.157931
3.701999
3.458961
4.304059
3.048787
4.304059
4.304059
1.852273
3.605089
4.003029
4.304059
4.304059
4.304059
4.304059
4.304059
4.304059
4.304059
3.073611
3.605089
3.826938
4.304059
4.304059
4.003029
2.317288
3.605089
4.304059
4.304059
4.003029
4.304059
4.304059
4.304059
4.304059
4.304059
2.981840
4.003029
4.304059
4.304059
4.304059
4.304059
4.304059
3.826938
4.304059
4.304059
3.701999
4.304059
4.304059
4.304059
3.701999
4.304059
3.458961
3.605089
4.003029
4.003029
4.304059
4.304059
4.304059
4.304059
4.003029
4.304059
4.304059
4.304059
4.304059
4.304059
4.304059
3.826938
4.304059
2.942332
4.304059
4.304059
3.826938
3.701999
4.304059
4.304059
4.304059
4.304059
4.304059
4.003029
2.841661
4.304059
4.304059
4.304059
2.961637
4.304059
4.304059
4.304059
3.349817
2.548185
4.304059
3.701999
4.304059
3.349817
4.304059
3.605089
4.003029
4.304059
4.304059
4.003029
4.304059
4.304059
4.304059
3.127968
4.304059
4.003029
3.701999
4.304059
4.304059
3.304059
3.701999
4.304059
4.304059
4.304059
2.308424
3.025306
2.312833
4.304059
4.003029
2.349817
4.304059
4.304059
4.304059
4.304059
4.304059
4.304059
4.304059
4.003029
3.304059
3.304059
4.304059
4.304059
4.003029
4.304059
4.003029
4.003029
4.003029
4.304059
4.003029
4.003029
3.458961
4.304059
4.304059
2.555871
4.003029
2.889086
4.304059
4.304059
4.304059
2.130873
4.304059
3.262667
4.304059
4.304059
4.304059
3.190116
4.304059
3.525908
4.304059
4.304059
4.304059
3.262667
3.826938
4.304059
2.041608
4.304059
3.349817
4.304059
4.304059
3.073611
4.304059
4.304059
4.003029
3.826938
3.701999
4.304059
4.304059
4.003029
4.304059
1.733517
4.304059
4.304059
4.304059
2.872696
4.304059
4.304059
4.304059
2.326336
4.304059
2.812698
3.349817
2.434828
4.304059
2.203689
4.304059
2.856901
3.701999
4.304059
3.826938
3.262667
2.712995
4.304059
4.304059
4.304059
4.304059
4.304059
3.525908
3.826938
3.605089
4.304059
4.304059
4.304059
3.458961
4.304059
4.304059
4.304059
2.798909
3.605089
4.003029
4.304059
3.157931
3.525908
4.003029
4.003029
2.735858
3.525908
4.304059
4.003029
3.525908
3.826938
2.660607
4.003029
4.003029
4.003029
4.304059
4.304059
2.036888
3.826938
4.304059
4.304059
3.826938
4.304059
4.304059
4.304059
3.826938
4.304059
4.304059
3.826938
4.304059
4.003029
2.942332
4.003029
3.826938
3.826938
4.304059
4.304059
4.304059
4.304059
4.304059
4.304059
4.003029
4.304059
4.304059
3.605089
3.048787
3.048787
3.525908
4.304059
4.304059
4.304059
3.826938
3.826938
4.304059
4.304059
4.304059
4.304059
4.304059
4.003029
3.605089
4.304059
4.003029
4.003029
4.003029
4.304059
3.701999
4.304059
4.304059
4.304059
4.304059
4.304059
4.304059
3.458961
3.605089
4.304059
4.304059
2.906119
3.099939
2.452801
4.304059
4.304059
3.701999
4.003029
4.304059
4.003029
4.304059
4.304059
3.458961
4.304059
3.458961
3.826938
3.826938
4.304059
3.605089
4.003029
4.304059
4.304059
3.349817
2.906119
2.349817
4.304059
4.304059
2.981840
4.304059
4.304059
4.003029
4.304059
4.304059
4.304059
4.304059
3.826938
4.304059
4.304059
4.304059
4.304059
4.304059
2.097234
4.304059
4.304059
3.701999
4.304059
4.003029
4.304059
2.812698
4.304059
4.304059
3.605089
3.826938
4.304059
4.304059
4.304059
4.003029
4.304059
4.304059
4.304059
3.701999
4.304059
4.003029
3.826938
4.304059
4.304059
3.826938
4.304059
4.304059
2.113728
4.304059
3.349817
3.190116
4.304059
4.304059
4.003029
4.304059
4.304059
3.304059
4.304059
4.304059
3.826938
3.826938
4.003029
3.701999
3.349817
2.641302
3.025306
3.701999
3.400969
4.304059
4.304059
4.304059
3.525908
4.304059
4.304059
4.304059
3.400969
3.701999
3.701999
3.826938
3.701999
4.304059
4.304059
4.304059
4.304059
4.003029
4.304059
4.304059
3.099939
4.304059
4.304059
4.304059
3.127968
4.003029
3.190116
4.304059
3.224878
4.304059
4.304059
4.304059
4.304059
4.304059
3.701999
4.304059
3.826938
4.304059
4.304059
3.826938
2.247155
4.304059
3.826938
4.304059
3.826938
4.304059
3.701999
4.304059
3.003029
4.304059
4.304059
4.304059
4.304059
4.304059
4.304059
4.304059
4.304059
4.304059
4.304059
4.304059
4.304059
4.304059
4.304059
4.003029
4.304059
4.304059
4.304059
4.003029
4.304059
3.304059
4.304059
2.826938
3.099939
3.826938
4.304059
1.821186
4.304059
4.304059
4.304059
4.304059
4.304059
4.304059
4.304059
4.304059
4.304059
4.304059
4.304059
4.304059
4.304059
4.304059
4.304059
4.304059
4.003029
4.304059
4.003029
4.304059
4.304059
4.304059
1.798909
4.003029
4.304059
4.304059
3.400969
3.073611
2.446727
4.304059
4.304059
4.304059
3.605089
3.605089
4.304059
4.304059
3.304059
3.605089
3.826938
4.003029
3.262667
3.826938
3.826938
3.400969
4.304059
4.304059
4.304059
4.304059
3.127968
4.304059
4.304059
4.304059
3.073611
3.525908
3.826938
3.349817
3.605089
4.304059
3.525908
4.003029
4.003029
3.458961
3.826938
4.304059
4.304059
4.304059
4.304059
3.099939
4.304059
4.304059
3.127968
4.003029
4.003029
4.304059
4.304059
4.304059
4.003029
2.785546
4.304059
3.701999
4.304059
4.304059
4.304059
4.304059
4.304059
4.304059
4.304059
4.003029
4.003029
4.304059
4.304059
4.304059
4.304059
3.701999
4.304059
3.605089
2.961637
3.099939
4.003029
1.824053
4.304059
4.003029
4.304059
4.003029
4.304059
4.304059
4.304059
4.304059
4.304059
4.304059
4.304059
4.304059
4.304059
4.304059
4.304059
4.304059
3.701999
3.190116
2.981840
4.304059
4.304059
4.003029
4.304059
4.304059
4.304059
3.400969
4.304059
4.304059
4.304059
4.003029
4.304059
4.304059
4.304059
4.304059
4.304059
4.304059
3.826938
4.304059
4.304059
3.525908
4.003029
4.304059
4.304059
4.304059
3.224878
4.003029
3.099939
3.349817
4.304059
2.335577
4.003029
4.304059
3.157931
4.003029
3.003029
4.003029
3.826938
4.304059
4.304059
4.304059
4.304059
3.605089
4.003029
4.304059
2.003029
4.304059
4.304059
2.113728
4.304059
4.304059
3.605089
4.304059
4.304059
4.304059
4.304059
4.304059
4.304059
4.003029
4.304059
2.262667
4.003029
4.304059
3.458961
3.701999
3.826938
2.540631
4.003029
3.826938
4.304059
4.304059
4.304059
4.304059
4.304059
4.304059
3.826938
2.772581
4.304059
4.304059
3.262667
4.304059
4.304059
4.304059
4.304059
4.304059
2.190116
4.003029
4.304059
3.349817
4.304059
4.003029
3.605089
4.304059
4.304059
4.304059
4.304059
4.304059
3.400969
4.304059
4.304059
4.304059
4.304059
1.923848
4.304059
4.003029
4.304059
4.304059
4.304059
4.304059
4.304059
3.701999
4.304059
4.304059
4.304059
4.304059
4.304059
4.304059
4.304059
4.304059
4.304059
4.304059
4.304059
4.304059
4.304059
4.304059
4.304059
4.304059
4.304059
1.476690
3.048787
4.304059
3.701999
4.304059
2.308424
3.605089
4.304059
4.304059
4.304059
4.304059
3.048787
4.003029
4.304059
4.304059
3.701999
3.701999
4.003029
4.003029
4.304059
4.304059
4.304059
4.304059
3.157931
4.304059
4.304059
2.961637
3.525908
2.345018
2.548185
4.304059
4.304059
4.304059
3.003029
4.304059
4.304059
4.304059
4.304059
2.942332
3.605089
4.304059
4.304059
3.701999
3.190116
3.605089
3.605089
4.304059
4.304059
4.304059
4.304059
3.826938
3.701999
3.157931
3.025306
2.390246
4.304059
4.304059
4.304059
4.304059
4.304059
4.003029
4.003029
4.003029
4.003029
4.304059
4.304059
4.003029
4.304059
2.349817
4.304059
4.304059
4.003029
4.304059
4.304059
4.304059
4.304059
3.525908
3.701999
4.304059
2.122216
3.262667
3.099939
4.304059
4.304059
4.304059
4.304059
4.003029
4.304059
1.772581
4.304059
4.003029
2.145697
4.304059
4.304059
4.304059
4.304059
4.304059
2.102662
3.458961
3.701999
4.304059
4.304059
4.304059
2.747757
4.304059
4.003029
2.826938
2.266633
4.003029
4.304059
4.304059
3.525908
3.826938
3.826938
2.571666
4.003029
4.304059
3.127968
4.304059
4.304059
4.304059
3.701999
4.304059
4.304059
3.262667
3.525908
3.826938
4.304059
4.304059
3.127968
4.304059
3.826938
1.816921
4.304059
4.304059
3.458961
3.349817
2.641302
4.304059
4.304059
3.262667
4.304059
4.003029
4.304059
4.304059
4.304059
3.048787
4.304059
2.735858
2.650847
3.400969
4.304059
3.400969
4.003029
4.003029
4.304059
1.347411
4.304059
2.446727
4.304059
4.304059
4.304059
2.113728
4.304059
4.304059
4.304059
4.304059
4.304059
3.826938
4.003029
4.003029
4.304059
3.605089
3.701999
4.003029
4.304059
4.304059
3.701999
4.304059
4.304059
4.304059
4.304059
4.304059
4.304059
4.304059
1.762480
3.190116
4.304059
2.691276
4.304059
4.304059
3.190116
4.304059
4.003029
4.304059
4.304059
3.605089
4.304059
2.785546
4.304059
4.304059
3.458961
4.304059
4.003029
4.304059
3.400969
4.304059
4.304059
3.701999
4.304059
3.701999
4.304059
4.304059
4.304059
4.003029
4.304059
4.003029
4.003029
4.003029
4.304059
4.304059
4.304059
2.359577
3.525908
4.304059
4.304059
4.003029
4.304059
2.680810
3.157931
3.826938
4.003029
4.304059
3.701999
4.304059
2.798909
4.304059
4.304059
4.304059
4.304059
4.304059
4.304059
3.701999
4.003029
4.304059
4.304059
3.701999
4.003029
4.304059
4.304059
4.003029
4.304059
4.304059
3.701999
4.304059
4.304059
4.304059
4.304059
4.304059
4.304059
4.304059
4.304059
3.003029
3.190116
4.304059
4.003029
2.446727
3.826938
4.003029
4.304059
4.304059
3.349817
3.458961
4.304059
3.826938
4.304059
4.304059
2.906119
2.906119
3.826938
4.304059
3.525908
3.826938
3.826938
3.073611
4.003029
2.942332
2.906119
3.701999
2.872696
4.304059
4.304059
4.304059
4.304059
4.304059
2.660607
3.826938
4.304059
4.003029
4.304059
4.304059
4.304059
3.224878
4.304059
3.826938
3.525908
4.304059
4.003029
4.304059
4.304059
3.400969
4.304059
4.003029
4.304059
4.304059
4.304059
4.304059
2.287026
1.246393
4.304059
4.304059
4.304059
4.304059
4.304059
4.304059
2.906119
4.304059
4.304059
4.304059
4.304059
3.458961
4.304059
1.793514
3.190116
4.304059
4.304059
4.304059
4.304059
4.304059
4.304059
3.304059
4.304059
3.605089
4.304059
4.304059
4.304059
4.304059
4.003029
2.258736
4.304059
2.304059
4.304059
4.304059
4.304059
3.349817
3.458961
4.304059
4.003029
3.605089
4.304059
4.304059
3.458961
2.872696
4.003029
4.304059
4.003029
4.003029
4.003029
4.003029
4.304059
1.675671
3.701999
2.812698
4.304059
4.304059
4.003029
3.224878
4.304059
4.304059
4.304059
3.224878
4.304059
4.304059
4.304059
4.304059
4.304059
4.304059
4.304059
4.003029
4.304059
4.304059
3.605089
2.446727
4.003029
4.304059
4.304059
4.304059
4.304059
4.304059
4.304059
2.099939
3.458961
1.992306
3.224878
2.798909
4.003029
4.304059
3.605089
4.304059
3.525908
4.304059
2.906119
2.942332
4.304059
2.961637
3.605089
4.304059
3.349817
4.003029
3.349817
4.304059
4.304059
4.304059
3.349817
3.826938
4.304059
2.889086
4.003029
3.701999
4.304059
3.826938
4.304059
4.304059
4.304059
4.304059
4.304059
4.003029
4.003029
4.304059
4.304059
4.304059
4.003029
4.003029
4.304059
3.701999
3.701999
3.605089
3.701999
4.304059
2.395574
3.701999
4.003029
3.826938
2.525908
3.525908
4.304059
4.003029
2.798909
3.525908
3.127968
4.304059
4.003029
4.304059
3.701999
4.003029
4.304059
3.304059
3.701999
4.304059
2.906119
4.003029
2.889086
3.605089
3.701999
4.304059
3.525908
4.003029
3.826938
4.304059
3.826938
4.304059
4.304059
4.304059
4.304059
4.003029
4.304059
3.826938
4.304059
4.304059
2.660607
3.605089
3.826938
4.304059
4.304059
3.701999
3.400969
4.304059
3.025306
3.525908
3.458961
3.525908
4.003029
4.304059
4.304059
4.304059
3.349817
4.003029
4.003029
2.981840
3.224878
3.826938
3.701999
4.304059
3.605089
4.304059
3.826938
4.304059
4.304059
3.826938
3.826938
4.304059
4.304059
4.304059
2.349817
4.304059
2.872696
3.701999
4.304059
4.304059
4.304059
4.304059
4.304059
3.190116
4.304059
4.304059
4.304059
4.003029
4.304059
4.304059
3.224878
4.304059
3.826938
3.701999
4.304059
4.304059
4.003029
4.304059
4.304059
4.304059
4.003029
4.304059
4.003029
4.304059
4.304059
4.304059
4.304059
2.785546
4.304059
4.304059
4.304059
3.701999
4.304059
3.025306
4.003029
4.304059
4.304059
4.304059
3.605089
4.304059
3.400969
2.670591
4.003029
3.224878
2.759991
4.003029
3.525908
3.349817
4.304059
3.605089
3.605089
4.304059
4.304059
4.304059
4.304059
3.605089
4.003029
4.304059
2.826938
3.224878
4.304059
4.304059
4.304059
2.660607
4.304059
4.003029
4.304059
3.525908
4.304059
4.304059
4.304059
4.304059
3.525908
3.826938
4.003029
3.605089
4.304059
2.724276
3.458961
4.304059
3.701999
4.304059
4.304059
4.304059
3.605089
3.826938
4.304059
4.304059
4.003029
4.304059
4.304059
4.003029
3.262667
3.304059
4.003029
4.003029
4.304059
3.262667
3.304059
3.525908
4.304059
4.304059
4.304059
4.304059
3.525908
4.304059
4.003029
4.003029
4.304059
4.003029
4.304059
4.304059
2.691276
2.856901
3.826938
3.099939
3.224878
4.003029
2.872696
4.304059
4.304059
4.304059
4.304059
3.701999
3.525908
3.605089
3.826938
3.826938
4.003029
4.304059
4.304059
4.003029
4.304059
4.304059
2.872696
3.262667
2.923848
4.003029
2.923848
4.304059
2.923848
4.304059
4.304059
4.304059
3.304059
4.304059
3.826938
3.826938
4.304059
3.224878
4.304059
2.548185
3.224878
4.304059
3.701999
3.826938
2.571666
3.099939
4.304059
4.003029
4.304059
4.304059
4.304059
4.304059
4.304059
3.826938
4.304059
4.304059
4.304059
4.304059
4.304059
4.003029
4.304059
3.826938
4.304059
3.349817
4.304059
4.304059
4.304059
4.304059
4.003029
4.304059
4.304059
4.304059
4.003029
4.304059
4.003029
4.003029
4.003029
4.003029
4.304059
4.304059
4.304059
4.304059
4.003029
4.304059
4.304059
4.304059
4.304059
4.304059
4.304059
4.304059
4.304059
2.304059
3.525908
3.525908
4.304059
4.304059
4.304059
2.605089
3.826938
2.058547
4.304059
4.304059
3.701999
1.907860
2.641302
4.003029
4.304059
3.701999
4.304059
4.304059
4.304059
4.304059
4.304059
4.304059
4.304059
4.304059
4.304059
4.304059
4.304059
3.157931
4.304059
3.826938
4.304059
4.304059
4.003029
4.304059
4.304059
4.304059
4.304059
4.304059
4.003029
3.701999
4.304059
4.304059
4.304059
4.003029
3.826938
4.003029
4.304059
4.304059
3.826938
4.304059
4.003029
4.304059
2.889086
4.304059
4.304059
4.304059
4.304059
3.304059
4.304059
4.304059
4.304059
3.701999
4.003029
3.826938
3.605089
3.826938
2.712995
4.304059
4.304059
4.003029
4.003029
3.826938
3.826938
4.304059
4.003029
4.304059
4.304059
4.304059
4.304059
4.304059
4.304059
4.304059
2.747757
3.400969
4.304059
4.304059
4.304059
4.304059
2.798909
3.400969
4.304059
3.127968
3.304059
4.304059
4.304059
2.484516
4.304059
3.224878
4.304059
3.826938
4.304059
4.304059
4.003029
3.190116
4.304059
4.304059
3.525908
4.003029
4.304059
4.304059
4.304059
4.304059
4.304059
4.003029
4.304059
4.003029
4.304059
4.304059
4.304059
4.304059
4.304059
4.304059
4.304059
4.304059
4.304059
3.224878
2.856901
3.605089
2.724276
3.826938
4.003029
4.304059
4.003029
4.304059
4.304059
3.701999
4.003029
2.540631
4.304059
3.400969
4.304059
4.304059
3.826938
4.304059
3.262667
4.304059
4.003029
3.262667
4.003029
3.826938
4.304059
3.224878
4.003029
4.304059
3.701999
4.304059
4.304059
4.304059
4.003029
4.304059
4.003029
4.304059
3.190116
4.304059
3.525908
4.304059
4.003029
4.003029
3.605089
3.701999
3.605089
4.304059
4.304059
4.304059
4.304059
4.304059
4.304059
4.304059
4.304059
3.525908
4.003029
3.826938
4.304059
4.304059
4.304059
4.304059
4.304059
4.304059
4.304059
4.304059
3.304059
4.304059
4.304059
3.826938
3.400969
4.304059
4.003029
3.525908
4.304059
3.025306
3.826938
4.304059
4.304059
4.003029
4.304059
3.458961
4.304059
4.304059
3.826938
4.304059
4.304059
4.304059
3.458961
4.304059
4.304059
4.304059
4.304059
4.003029
4.003029
4.003029
4.304059
4.304059
4.304059
4.304059
3.605089
4.304059
3.701999
4.304059
3.525908
4.304059
4.304059
4.003029
3.826938
3.701999
4.304059
4.304059
2.735858
3.073611
4.304059
3.349817
3.525908
2.724276
4.304059
4.304059
4.304059
4.304059
4.304059
4.304059
4.003029
4.304059
4.304059
4.304059
4.304059
4.304059
3.605089
3.826938
4.304059
3.190116
4.304059
4.304059
4.003029
4.304059
4.304059
4.304059
4.304059
4.304059
4.304059
4.304059
4.304059
4.003029
4.003029
4.304059
4.304059
4.304059
2.772581
3.525908
4.304059
3.701999
4.304059
4.304059
4.304059
4.304059
4.304059
4.304059
4.304059
4.304059
4.304059
4.003029
4.304059
3.349817
4.304059
3.701999
4.003029
4.304059
4.304059
4.304059
4.304059
4.304059
4.304059
4.304059
3.025306
4.304059
4.304059
4.304059
3.224878
4.304059
2.304059
4.304059
4.304059
4.304059
3.458961
4.003029
3.826938
3.349817
3.826938
3.826938
4.304059
4.304059
3.826938
4.304059
4.304059
4.304059
4.304059
3.701999
4.304059
4.304059
3.458961
4.003029
4.304059
4.304059
4.003029
4.304059
3.826938
4.003029
4.304059
4.304059
4.304059
4.304059
4.304059
4.304059
2.497879
3.400969
3.458961
3.190116
3.701999
3.349817
3.826938
3.127968
3.458961
4.304059
4.304059
4.003029
4.304059
4.003029
2.961637
3.349817
3.605089
4.304059
3.304059
4.304059
4.304059
4.304059
3.349817
3.048787
3.400969
3.826938
4.304059
3.701999
4.304059
4.003029
4.304059
4.304059
4.304059
4.304059
4.304059
4.304059
4.304059
4.304059
3.349817
4.003029
4.304059
3.400969
4.304059
4.003029
3.605089
4.304059
3.701999
4.304059
4.304059
3.025306
4.304059
3.349817
3.701999
3.224878
4.304059
4.304059
4.304059
4.304059
4.003029
4.003029
3.605089
4.304059
3.262667
4.304059
4.304059
4.304059
4.304059
4.304059
4.003029
3.525908
4.304059
4.003029
4.304059
4.304059
3.826938
3.701999
4.304059
4.304059
3.048787
4.304059
4.003029
4.304059
4.003029
4.003029
4.304059
4.304059
3.605089
4.003029
4.304059
4.304059
4.304059
3.400969
3.826938
3.826938
4.304059
4.304059
3.701999
4.304059
4.304059
4.304059
4.003029
4.304059
3.826938
3.826938
4.003029
4.304059
4.304059
2.942332
4.304059
4.304059
4.304059
4.304059
4.304059
4.304059
4.304059
4.304059
3.262667
4.003029
2.434828
3.349817
4.304059
4.304059
4.304059
3.701999
4.304059
3.826938
4.304059
4.304059
3.458961
3.400969
2.379780
2.872696
4.003029
4.304059
4.003029
4.003029
4.304059
4.304059
4.304059
3.099939
2.712995
4.304059
4.304059
4.304059
4.304059
4.304059
4.304059
4.003029
4.304059
4.304059
4.304059
3.304059
3.826938
4.003029
4.304059
4.304059
4.304059
4.304059
4.304059
4.304059
2.961637
3.048787
3.400969
3.073611
4.304059
4.304059
4.304059
3.605089
3.701999
4.003029
4.304059
2.622818
3.190116
3.349817
4.003029
4.003029
3.048787
4.304059
4.304059
2.981840
4.003029
3.701999
4.304059
2.605089
2.785546
3.701999
4.304059
4.304059
2.239601
2.170521
2.043988
4.304059
4.304059
3.304059
4.304059
4.304059
4.304059
4.304059
4.304059
3.400969
4.003029
4.304059
4.304059
2.701999
4.003029
3.304059
3.826938
4.304059
3.826938
4.304059
4.304059
4.003029
4.003029
4.304059
4.304059
4.304059
4.304059
4.003029
4.304059
4.304059
4.304059
3.701999
4.003029
4.304059
4.304059
4.304059
4.304059
4.304059
4.304059
4.304059
4.304059
4.003029
3.826938
4.304059
3.701999
2.525908
4.304059
4.304059
4.304059
3.190116
4.304059
3.605089
4.003029
4.304059
3.826938
3.701999
3.826938
3.605089
4.003029
4.003029
2.170521
4.304059
4.304059
3.605089
3.701999
2.724276
4.304059
3.025306
4.304059
4.304059
4.304059
4.304059
4.304059
4.304059
4.003029
3.826938
4.304059
1.044944
2.724276
3.525908
2.330932
3.701999
4.003029
4.304059
4.304059
4.304059
4.003029
4.304059
4.304059
4.304059
2.826938
3.304059
4.304059
4.304059
4.304059
4.304059
4.304059
3.701999
4.304059
4.304059
4.304059
4.304059
4.304059
4.304059
4.304059
4.304059
4.304059
4.304059
4.304059
3.190116
4.304059
4.304059
4.304059
4.304059
4.304059
4.304059
3.826938
4.003029
4.304059
2.061021
4.304059
3.400969
4.304059
3.224878
4.304059
4.304059
3.826938
4.003029
4.003029
4.304059
3.826938
4.304059
4.304059
4.003029
4.304059
4.304059
4.304059
3.099939
3.400969
3.605089
3.701999
3.826938
4.003029
3.190116
4.304059
4.304059
3.605089
4.304059
4.304059
4.304059
4.003029
4.304059
3.605089
4.304059
4.304059
4.304059
3.525908
4.003029
4.003029
4.304059
4.003029
4.304059
3.190116
4.304059
3.525908
4.003029
2.214154
3.701999
3.701999
4.304059
3.262667
4.304059
3.458961
3.605089
4.003029
4.003029
4.304059
3.048787
3.224878
3.349817
3.157931
3.701999
4.003029
4.304059
3.073611
4.304059
3.048787
4.003029
3.262667
4.304059
4.304059
4.304059
3.701999
3.701999
4.304059
4.304059
4.304059
2.133798
3.826938
4.304059
3.826938
4.304059
4.304059
4.304059
4.304059
4.304059
4.304059
3.605089
4.304059
4.304059
4.003029
2.622818
4.304059
4.304059
4.304059
4.304059
4.304059
4.003029
4.304059
4.304059
3.190116
4.304059
4.304059
2.497879
4.304059
4.304059
3.099939
4.304059
4.304059
3.701999
3.400969
4.304059
4.304059
4.304059
4.304059
3.157931
3.400969
4.304059
4.304059
4.003029
4.304059
1.892440
4.003029
2.981840
4.003029
4.304059
3.003029
4.304059
4.304059
3.701999
4.304059
4.003029
4.304059
4.003029
3.099939
4.003029
3.701999
3.190116
4.304059
3.525908
4.304059
4.003029
3.701999
4.304059
4.304059
4.304059
1.762480
4.304059
4.304059
4.304059
4.304059
4.304059
4.304059
4.304059
3.304059
2.841661
2.981840
3.525908
4.304059
4.003029
4.304059
3.400969
4.304059
4.304059
4.304059
4.304059
3.605089
3.826938
4.003029
4.003029
4.304059
4.304059
3.605089
4.304059
4.304059
2.622818
4.304059
4.304059
4.304059
4.304059
3.190116
4.003029
4.304059
4.304059
4.304059
4.304059
3.826938
4.304059
4.003029
2.680810
4.304059
4.304059
4.003029
4.304059
4.003029
4.003029
3.701999
4.304059
3.262667
4.304059
4.304059
4.304059
4.304059
3.157931
3.826938
2.417569
4.304059
4.304059
4.304059
4.304059
4.304059
4.304059
3.003029
4.304059
3.458961
4.304059
4.304059
3.701999
4.003029
4.304059
4.304059
3.605089
4.304059
2.981840
4.003029
4.304059
4.304059
4.304059
4.304059
4.304059
3.349817
4.003029
4.304059
3.400969
4.304059
3.025306
3.826938
3.826938
4.003029
3.701999
4.304059
4.003029
3.190116
4.304059
4.003029
3.605089
4.304059
4.304059
4.304059
4.304059
4.304059
3.605089
4.304059
4.304059
4.304059
4.304059
4.003029
4.003029
3.605089
3.099939
4.304059
4.304059
4.304059
3.525908
4.304059
4.304059
4.304059
3.400969
2.785546
4.003029
4.304059
3.826938
4.304059
4.304059
4.304059
3.701999
4.304059
4.304059
4.003029
4.304059
4.003029
2.167339
3.099939
3.826938
3.605089
3.304059
4.003029
4.304059
3.826938
3.605089
4.304059
3.400969
4.003029
4.304059
3.525908
3.605089
4.304059
4.304059
3.826938
4.003029
4.304059
3.701999
4.304059
4.003029
4.304059
2.364540
4.304059
3.349817
4.304059
2.164180
3.826938
4.304059
4.003029
4.003029
3.701999
3.605089
4.003029
4.003029
3.701999
4.003029
3.224878
4.304059
4.304059
3.400969
4.003029
3.458961
3.157931
3.826938
3.525908
4.304059
3.826938
4.304059
4.304059
4.304059
3.525908
4.003029
4.304059
4.304059
3.605089
3.701999
4.003029
4.304059
4.304059
4.304059
4.304059
4.003029
4.304059
4.304059
3.525908
4.304059
4.304059
4.003029
4.304059
3.826938
4.304059
3.525908
2.772581
4.304059
4.003029
1.998708
4.304059
3.826938
2.872696
3.400969
3.701999
3.701999
3.826938
2.906119
4.003029
2.942332
4.304059
4.304059
4.304059
3.349817
4.304059
4.304059
4.304059
3.190116
3.826938
4.304059
3.073611
4.304059
4.304059
4.304059
3.458961
3.701999
4.003029
4.304059
4.304059
4.003029
4.304059
4.304059
4.304059
3.304059
4.003029
3.190116
3.458961
3.605089
3.605089
4.304059
4.003029
3.826938
4.003029
4.304059
3.826938
4.304059
2.981840
2.317288
2.423246
4.304059
4.003029
4.003029
4.304059
3.224878
3.826938
3.458961
4.304059
4.304059
3.605089
4.003029
4.003029
2.458961
4.304059
3.224878
4.304059
3.701999
4.304059
4.304059
4.003029
4.304059
3.525908
3.826938
4.304059
4.304059
2.122216
4.304059
4.003029
4.304059
4.304059
4.304059
4.304059
4.304059
4.304059
3.605089
4.304059
3.701999
3.701999
4.003029
4.304059
4.003029
3.701999
4.304059
4.304059
4.304059
4.304059
4.003029
4.003029
4.304059
4.304059
4.003029
4.304059
4.304059
4.304059
4.003029
4.003029
4.304059
4.003029
3.400969
4.003029
3.605089
3.701999
4.003029
3.605089
4.304059
4.003029
4.304059
3.458961
2.691276
2.262667
4.304059
4.304059
4.304059
4.003029
4.003029
4.304059
4.304059
3.826938
4.003029
4.304059
4.304059
4.304059
4.304059
4.304059
4.304059
4.304059
4.304059
3.525908
3.400969
4.304059
4.003029
4.304059
4.304059
2.274676
4.304059
3.605089
4.304059
3.262667
4.003029
3.127968
3.826938
4.304059
3.826938
1.922042
3.826938
4.003029
4.003029
4.304059
4.304059
4.003029
4.003029
4.304059
2.785546
2.214154
3.400969
4.304059
4.304059
4.304059
4.304059
4.304059
4.304059
3.400969
4.003029
4.304059
4.304059
3.127968
4.304059
4.304059
2.579784
4.304059
2.812698
4.003029
4.304059
4.304059
4.003029
4.003029
2.889086
4.304059
4.003029
4.304059
4.304059
4.304059
3.127968
3.127968
3.605089
4.304059
4.304059
3.224878
3.701999
4.003029
3.701999
4.003029
4.304059
4.003029
4.304059
4.304059
3.605089
4.003029
4.304059
3.701999
4.304059
4.304059
2.772581
3.701999
4.304059
3.400969
4.304059
4.304059
4.304059
3.826938
3.826938
4.003029
4.304059
3.400969
4.304059
4.304059
4.304059
4.304059
4.304059
2.622818
4.003029
4.304059
2.981840
4.304059
4.304059
4.304059
4.304059
4.304059
4.304059
4.304059
4.304059
4.304059
3.224878
4.003029
4.003029
4.304059
3.826938
4.304059
4.304059
4.304059
3.826938
4.003029
4.304059
4.304059
4.304059
4.003029
4.003029
4.304059
3.605089
3.605089
3.073611
4.304059
3.701999
4.003029
2.374641
4.304059
4.003029
4.304059
4.304059
4.003029
3.304059
4.304059
4.304059
3.099939
2.340272
4.003029
3.701999
3.826938
2.588056
4.304059
4.304059
3.525908
4.304059
4.304059
3.701999
3.826938
4.304059
4.304059
4.003029
3.127968
4.304059
3.701999
4.304059
4.304059
4.304059
4.304059
3.701999
4.003029
4.304059
3.826938
4.304059
4.304059
3.701999
4.304059
4.304059
3.304059
4.304059
3.826938
3.826938
4.304059
2.588056
4.304059
4.304059
2.563697
3.701999
4.304059
4.304059
3.826938
2.724276
4.304059
3.262667
4.304059
4.304059
4.304059
4.304059
4.003029
4.304059
4.304059
3.003029
2.961637
3.400969
4.304059
4.003029
3.073611
4.003029
4.003029
3.127968
4.304059
3.157931
4.304059
4.304059
4.304059
3.349817
4.304059
4.304059
3.458961
4.304059
3.826938
3.826938
3.525908
4.304059
3.701999
4.304059
4.003029
3.262667
4.304059
4.304059
3.458961
4.304059
3.826938
4.304059
4.003029
4.304059
4.304059
4.304059
2.533207
1.630117
2.029902
4.003029
4.304059
4.003029
3.400969
4.304059
4.304059
4.304059
4.304059
4.304059
4.304059
4.304059
4.304059
4.304059
4.304059
4.003029
3.826938
2.691276
4.304059
3.127968
4.304059
4.304059
4.304059
3.127968
4.304059
4.003029
4.304059
4.304059
3.605089
2.434828
2.712995
4.003029
4.304059
4.304059
4.304059
4.304059
4.304059
4.304059
4.304059
4.304059
4.304059
4.304059
4.304059
4.304059
4.003029
4.003029
4.003029
3.701999
3.826938
4.304059
4.304059
4.003029
3.826938
4.304059
4.304059
4.003029
4.304059
4.304059
3.826938
4.003029
4.304059
4.304059
4.003029
4.304059
4.304059
4.003029
4.304059
4.304059
4.304059
4.304059
4.304059
4.304059
2.540631
4.304059
4.304059
2.856901
3.458961
2.961637
3.349817
4.304059
4.304059
4.304059
2.411965
2.691276
4.304059
4.304059
4.304059
4.304059
4.304059
4.304059
4.304059
3.224878
4.304059
4.304059
3.605089
4.304059
2.942332
3.224878
4.003029
3.605089
3.826938
3.826938
4.304059
4.304059
4.304059
4.304059
4.304059
4.304059
4.304059
4.304059
4.304059
4.003029
4.304059
4.304059
4.304059
3.262667
4.304059
4.304059
4.304059
4.304059
4.304059
4.304059
4.304059
1.871090
4.304059
4.304059
4.304059
3.701999
4.304059
3.701999
4.003029
4.003029
4.304059
4.304059
4.304059
4.304059
4.003029
4.304059
4.304059
4.304059
3.099939
4.304059
4.304059
4.304059
4.003029
3.605089
4.304059
4.304059
4.304059
4.304059
4.304059
4.304059
4.304059
4.304059
4.304059
3.605089
3.304059
4.003029
3.224878
2.981840
4.003029
4.003029
4.003029
4.304059
4.304059
3.458961
4.304059
4.304059
4.304059
2.724276
3.826938
3.349817
3.190116
4.304059
4.304059
4.304059
4.003029
4.304059
4.003029
4.304059
4.003029
3.458961
3.525908
4.304059
4.304059
4.304059
4.304059
2.923848
4.003029
2.650847
4.304059
3.826938
3.826938
4.304059
4.003029
2.349817
4.304059
4.003029
4.304059
4.003029
4.304059
4.304059
4.304059
4.304059
4.003029
2.471551
3.048787
2.724276
3.304059
4.304059
3.701999
4.003029
4.304059
4.304059
4.304059
4.304059
2.390246
4.304059
4.304059
4.304059
4.003029
4.304059
4.003029
4.304059
4.304059
3.826938
4.304059
4.304059
4.304059
2.680810
3.304059
3.400969
3.525908
4.304059
4.304059
4.304059
4.304059
4.304059
4.003029
4.304059
3.826938
4.304059
4.304059
3.400969
3.525908
4.304059
4.304059
4.304059
3.826938
4.003029
3.826938
4.003029
4.304059
2.504719
4.304059
4.003029
4.304059
4.304059
4.304059
4.003029
3.826938
2.465210
4.304059
3.458961
4.003029
4.304059
3.826938
3.605089
3.025306
4.304059
4.304059
4.304059
4.304059
4.304059
4.304059
1.897519
2.161045
2.108160
3.701999
3.458961
1.548185
3.826938
4.304059
4.003029
4.304059
4.304059
4.304059
4.304059
4.304059
4.304059
4.003029
4.304059
4.304059
3.048787
4.304059
3.073611
3.304059
4.003029
3.400969
3.099939
4.304059
3.190116
3.605089
4.003029
3.605089
3.262667
4.304059
4.304059
3.826938
2.641302
2.349817
4.304059
3.605089
3.525908
4.304059
4.304059
1.824053
4.304059
3.458961
4.304059
4.304059
4.304059
4.304059
2.691276
4.003029
4.304059
4.304059
4.003029
4.304059
3.349817
4.304059
4.304059
4.003029
4.304059
3.701999
4.003029
4.003029
3.003029
4.003029
3.826938
3.525908
3.605089
4.003029
4.003029
4.304059
4.304059
4.304059
2.108160
4.304059
3.349817
4.003029
4.304059
4.304059
4.304059
4.304059
2.136742
4.304059
4.304059
3.826938
3.458961
4.304059
4.304059
4.304059
4.304059
4.304059
4.304059
4.304059
4.304059
4.304059
4.304059
3.701999
4.304059
4.304059
4.304059
4.304059
4.304059
4.304059
4.304059
4.304059
4.304059
4.304059
4.304059
4.304059
4.304059
2.961637
4.304059
4.304059
3.400969
3.605089
4.304059
4.304059
3.525908
4.304059
4.304059
4.304059
4.003029
2.826938
4.003029
2.613863
3.048787
3.701999
4.304059
4.304059
4.304059
4.304059
3.224878
4.304059
4.304059
4.304059
4.304059
4.304059
4.304059
4.304059
2.254841
4.304059
4.304059
4.003029
4.304059
4.304059
4.304059
4.003029
4.003029
3.826938
4.304059
3.701999
3.458961
3.458961
3.701999
4.304059
4.304059
4.304059
3.701999
4.304059
4.304059
4.304059
4.003029
4.003029
4.304059
3.127968
3.701999
4.304059
4.304059
4.304059
4.003029
4.304059
4.304059
3.458961
4.304059
3.262667
4.003029
4.304059
4.003029
4.304059
4.003029
4.003029
4.003029
3.190116
4.304059
3.701999
4.304059
4.003029
4.304059
4.304059
4.304059
4.304059
4.304059
4.304059
4.304059
4.304059
4.304059
4.003029
4.304059
4.003029
4.304059
4.003029
4.003029
2.923848
3.826938
4.304059
3.262667
4.304059
4.304059
3.826938
4.304059
2.923848
3.605089
4.003029
4.304059
4.304059
4.304059
4.304059
3.525908
3.605089
2.099939
4.304059
4.304059
3.826938
4.304059
4.304059
4.304059
4.304059
4.304059
2.872696
4.003029
4.304059
3.400969
4.003029
4.003029
4.304059
4.304059
4.304059
4.304059
4.003029
4.304059
3.826938
4.003029
4.304059
4.003029
4.304059
4.304059
4.304059
3.525908
3.701999
4.003029
3.525908
3.349817
4.304059
4.304059
3.701999
4.304059
3.701999
4.304059
4.003029
4.304059
4.304059
1.944224
4.304059
4.304059
3.826938
4.304059
4.003029
4.304059
4.304059
4.304059
4.304059
4.304059
3.826938
3.458961
4.304059
4.003029
4.003029
3.826938
4.304059
2.759991
4.304059
3.826938
4.304059
4.003029
4.304059
2.906119
3.826938
4.304059
4.003029
4.304059
3.826938
2.747757
3.127968
3.701999
3.073611
3.349817
3.826938
2.841661
3.400969
3.262667
2.942332
3.262667
4.304059
3.003029
4.304059
4.304059
4.304059
1.370572
4.003029
4.003029
4.003029
2.258736
4.304059
4.304059
3.605089
4.003029
2.826938
4.304059
4.003029
3.003029
4.304059
4.304059
4.304059
4.304059
3.701999
3.099939
3.605089
4.304059
3.525908
3.826938
4.304059
4.304059
4.003029
3.826938
4.304059
3.826938
4.304059
4.304059
4.304059
3.073611
4.304059
4.304059
3.525908
4.304059
4.304059
4.304059
4.304059
4.304059
4.304059
2.772581
4.003029
4.304059
4.304059
4.304059
4.304059
4.304059
3.605089
4.304059
4.304059
4.304059
4.304059
4.003029
4.003029
4.003029
4.003029
2.032218
4.304059
3.701999
4.304059
2.981840
4.304059
4.304059
3.127968
4.304059
4.003029
4.304059
4.304059
3.826938
4.304059
3.525908
3.525908
3.826938
3.605089
4.304059
4.304059
3.826938
4.304059
4.304059
3.701999
4.304059
4.304059
4.304059
4.304059
4.304059
4.304059
4.304059
4.003029
4.003029
3.701999
2.491146
4.003029
4.304059
4.304059
2.428998
3.826938
3.262667
3.701999
4.003029
3.605089
4.304059
4.304059
4.304059
4.304059
4.304059
4.304059
4.304059
4.304059
4.304059
4.003029
3.048787
4.304059
4.304059
4.304059
2.826938
4.304059
4.304059
4.304059
4.304059
4.304059
4.304059
4.003029
3.525908
4.304059
4.304059
2.484516
2.622818
4.304059
4.304059
2.981840
3.262667
4.304059
3.127968
4.304059
3.304059
2.317288
3.701999
4.304059
4.304059
4.304059
4.304059
3.099939
4.003029
4.003029
4.304059
2.826938
4.304059
4.003029
4.304059
2.130873
3.701999
4.304059
4.304059
4.304059
4.304059
4.304059
4.003029
4.304059
4.304059
3.826938
4.304059
1.858455
3.826938
4.304059
3.701999
1.932992
3.605089
4.304059
4.304059
2.641302
3.525908
3.701999
4.304059
4.304059
3.701999
4.304059
3.525908
4.304059
4.304059
4.304059
4.304059
4.304059
4.304059
4.003029
3.349817
3.605089
4.304059
4.304059
4.304059
3.605089
3.003029
4.304059
4.304059
3.127968
3.262667
2.605089
3.048787
3.605089
3.349817
3.826938
4.304059
3.525908
3.826938
3.701999
4.304059
4.304059
3.826938
4.304059
4.304059
4.003029
4.003029
4.304059
4.003029
4.304059
4.304059
4.304059
3.826938
4.304059
3.701999
4.304059
3.048787
4.304059
3.025306
4.304059
4.304059
3.701999
3.525908
4.304059
3.605089
4.304059
4.304059
2.579784
4.304059
4.003029
4.003029
4.304059
4.304059
4.003029
4.304059
3.458961
3.349817
4.304059
4.304059
4.304059
4.304059
4.003029
3.224878
4.304059
4.304059
3.224878
3.605089
4.304059
3.157931
4.003029
3.525908
4.304059
3.127968
4.304059
3.525908
4.304059
2.262667
4.304059
2.923848
4.304059
4.003029
4.003029
4.304059
4.304059
4.304059
4.003029
4.003029
4.304059
4.304059
4.304059
4.304059
2.923848
4.304059
4.003029
4.304059
2.650847
2.622818
4.003029
4.304059
4.003029
4.304059
4.304059
4.304059
4.304059
4.304059
3.525908
4.304059
4.003029
4.304059
3.127968
3.605089
3.525908
3.400969
4.003029
4.304059
4.304059
4.304059
3.190116
4.304059
4.304059
4.304059
3.826938
4.304059
4.304059
4.304059
2.906119
3.099939
3.349817
4.003029
4.304059
2.196849
3.701999
1.418698
3.826938
2.785546
1.923848
2.555871
4.304059
3.262667
3.826938
4.304059
2.660607
3.458961
4.304059
2.641302
3.605089
3.826938
4.304059
3.048787
4.003029
4.304059
4.304059
4.304059
3.826938
4.304059
4.304059
4.304059
4.003029
4.003029
4.304059
3.458961
4.304059
4.304059
4.304059
1.784231
4.304059
3.224878
3.701999
3.262667
4.304059
4.304059
3.157931
4.304059
4.304059
4.304059
4.003029
4.003029
4.304059
4.003029
4.304059
2.321788
2.345018
4.304059
4.304059
4.304059
4.003029
4.304059
4.003029
2.452801
3.304059
3.304059
4.304059
4.304059
4.304059
4.003029
4.304059
4.304059
4.304059
4.304059
3.826938
2.221274
4.304059
4.304059
3.190116
4.304059
4.304059
4.304059
3.826938
4.304059
3.701999
4.304059
3.224878
3.826938
3.525908
4.304059
3.525908
4.304059
3.701999
3.458961
3.605089
4.304059
4.304059
4.003029
4.304059
2.660607
4.304059
4.003029
4.304059
3.701999
4.304059
2.262667
3.525908
3.003029
3.525908
4.304059
1.766240
4.003029
3.224878
4.304059
4.304059
4.304059
4.304059
4.304059
3.304059
4.304059
4.003029
3.157931
4.304059
4.304059
4.003029
4.304059
4.304059
4.304059
3.701999
4.304059
2.650847
3.826938
4.003029
4.304059
4.304059
4.304059
4.304059
3.605089
4.304059
4.304059
4.003029
4.304059
4.003029
3.025306
4.003029
4.304059
4.304059
4.304059
3.701999
4.304059
4.304059
3.701999
4.304059
4.304059
4.304059
4.304059
4.304059
4.003029
4.304059
4.304059
3.157931
3.701999
4.304059
4.304059
4.304059
2.434828
4.304059
3.400969
3.525908
4.304059
3.605089
4.003029
4.304059
3.826938
4.304059
4.304059
3.304059
4.003029
3.826938
4.003029
4.304059
4.003029
2.712995
4.304059
4.304059
4.304059
4.304059
3.525908
4.304059
4.304059
4.003029
4.003029
4.304059
4.304059
4.304059
4.304059
4.304059
3.826938
4.304059
2.798909
4.304059
4.304059
4.304059
4.304059
4.304059
4.304059
1.539883
4.304059
3.224878
4.304059
4.304059
4.304059
4.304059
2.641302
4.304059
4.304059
4.304059
4.304059
3.701999
4.304059
4.304059
4.304059
4.304059
