0.519641
0.543693
0.602708
0.725117
0.584568
0.663517
0.555425
0.564596
0.514322
0.477789
0.576740
0.391594
0.530889
0.684178
0.391247
0.423408
0.403319
0.569394
0.612457
0.429497
0.533571
0.437879
0.537595
0.585506
0.411728
0.530559
0.552488
0.351504
0.552014
0.508417
0.558375
0.671595
0.377651
0.491898
0.453553
0.831471
0.475565
0.427060
0.691900
0.499256
0.526210
0.580825
0.570812
0.414462
0.769703
0.506376
0.738291
0.566466
0.580591
0.399914
0.427067
0.505922
0.635526
0.392813
0.337601
0.450773
0.428818
0.678181
0.574496
0.448902
0.417173
0.488171
0.606905
0.464060
0.454608
0.455131
0.448659
0.451952
0.538210
0.397834
0.723086
0.495683
0.645358
0.699380
0.544115
0.420751
0.389258
0.665536
0.658500
0.635122
0.368023
0.392111
0.573119
0.522053
0.646912
0.490152
0.854599
0.538231
0.497125
0.523930
0.846946
0.479768
0.479579
0.624049
0.474367
0.392072
0.516479
0.905581
0.763485
0.450015
0.554811
0.812663
0.445412
0.598931
0.412272
0.450258
0.633053
0.839500
0.595210
0.507503
0.358061
0.637691
0.493807
0.648533
0.465570
0.555829
0.405206
0.410073
0.548020
0.503562
0.404375
0.517553
0.495861
0.513146
0.647609
0.440606
0.507697
0.402968
0.526355
0.597698
0.377682
0.408862
0.512777
0.519926
0.450959
0.598464
0.464831
0.538075
0.597469
0.596769
0.457232
0.662668
0.471252
0.470040
0.457920
0.838322
0.624700
0.480729
0.396139
0.602399
0.425714
0.553718
0.565734
0.491014
0.423339
0.465399
0.614352
0.330650
0.752787
0.368914
0.441103
0.389949
0.581122
0.574260
0.429810
0.470554
0.474109
0.577218
0.390221
0.559905
0.599369
0.505833
0.457334
0.470835
0.671327
0.568408
0.535091
0.460708
0.557358
0.696013
0.472062
0.524677
0.529353
0.499088
0.431296
0.535556
0.708788
0.363314
0.526807
0.430955
0.681079
0.418651
0.538733
0.662752
0.523661
0.581773
0.513607
0.517661
0.437881
0.592181
0.552563
0.548155
0.572480
0.486298
0.464346
0.409260
0.443128
0.413226
0.423752
0.443842
0.339475
0.567501
0.627346
0.464419
0.762760
0.566218
0.465844
0.392291
0.568065
0.658780
0.425692
0.451826
0.448760
0.367969
0.383781
0.420871
0.427881
0.457444
0.419045
0.356504
0.470877
0.437465
0.430841
0.468757
0.548126
0.381926
0.489282
0.498245
0.460662
0.461931
0.480657
0.576495
0.483764
0.501368
0.437555
0.400240
0.427952
0.472320
0.384797
0.509870
0.339402
0.554528
0.369214
0.444982
0.435063
0.443481
0.435794
0.510085
0.381388
0.442610
0.644037
0.463343
0.520374
0.512054
0.370553
0.671285
0.334787
0.468428
0.471561
0.554207
0.556151
0.483782
0.462706
0.488854
0.411856
0.420755
0.369354
0.463726
0.448877
0.727156
0.496181
0.430501
0.382045
0.449268
0.630283
0.433421
0.575207
0.552936
0.641817
0.546176
0.498955
0.524630
0.457796
0.401036
0.445887
0.442183
0.609591
0.483585
0.620286
0.527826
0.611191
0.332199
0.533693
0.600685
0.647322
0.717050
0.518044
0.453958
0.668561
0.573866
0.421182
0.568887
0.556254
0.501887
0.596129
0.397733
0.493394
0.605726
0.449343
0.542189
0.503474
0.395664
0.461524
0.596383
0.564337
0.546446
0.539237
0.504148
0.609575
0.604662
0.594327
0.529801
0.708568
0.492022
0.580728
0.354325
0.802299
0.677997
0.595654
0.499788
0.434716
0.490006
0.514136
0.414966
0.415413
0.573015
0.492821
0.644325
0.412507
0.504448
0.503771
0.528069
0.489079
0.558159
0.749712
0.504027
0.537220
0.578139
0.512146
0.553720
0.571982
0.576275
0.625745
0.405242
0.404823
0.611410
0.638681
0.661360
0.778259
0.726663
0.752320
0.483459
0.394976
0.393490
0.528921
0.394601
0.393371
0.537623
0.670548
0.512351
0.526755
0.504421
0.517399
0.690564
0.323138
0.648283
0.390865
0.518689
0.486021
0.427749
0.689085
0.682880
0.474926
0.493359
0.396692
0.503393
0.559319
0.692945
0.570950
0.507662
0.337255
0.597539
0.512793
0.627721
0.514377
0.574143
0.360986
0.706900
0.458370
0.645873
0.625374
0.462903
0.641483
0.574858
0.646983
0.643568
0.516183
0.641091
0.490752
0.420812
0.488089
0.455684
0.783799
0.555677
0.389377
0.539164
0.450318
0.427333
0.564297
0.450750
0.596141
0.438844
0.424649
0.605792
0.353862
0.460765
0.456982
0.593050
0.391547
0.559006
0.380699
0.368266
0.402730
0.388420
0.607965
0.518281
0.570463
0.434741
0.403349
0.474413
0.387751
0.522821
0.369216
0.399049
0.568869
0.461055
0.496304
0.548245
0.556310
0.370267
0.560807
0.395597
0.650413
0.486142
0.477790
0.371278
0.507187
0.528584
0.544906
0.570264
0.590689
0.520241
0.452791
0.426158
0.509774
0.470850
0.542745
0.504679
0.442843
0.365047
0.369575
0.679902
0.799432
0.713336
0.554601
0.847269
0.798219
0.461162
0.520034
0.590570
0.396203
0.482084
0.534708
0.414177
0.493891
0.752739
0.553298
0.421494
0.468057
0.531962
0.501467
0.652949
0.379905
0.573474
0.482022
0.521808
0.536386
0.459704
0.956109
0.836030
0.468077
0.447261
0.388061
0.494719
0.591627
0.557412
0.494741
0.628334
0.492730
0.487663
0.351837
0.571341
0.673334
0.586094
0.548862
0.718420
0.742586
0.487333
0.531203
0.608404
0.592035
0.640498
0.472756
0.614772
0.453995
0.647818
0.698790
0.477360
0.485324
0.564009
0.524363
0.639395
0.469788
0.439482
0.662929
0.557169
0.641492
0.620140
0.510827
0.967852
0.445119
0.571944
0.455158
0.473795
0.568746
0.473387
0.667790
0.750025
0.471138
0.382752
0.372921
0.601162
0.484676
0.443128
0.428651
0.543780
0.486102
0.467428
0.491409
0.485956
0.454301
0.458944
0.436254
0.518403
0.536544
0.534815
0.543188
0.495130
0.611402
0.522240
0.585957
0.462623
0.633141
0.557293
0.522840
0.454673
0.345856
0.614945
0.828715
0.536537
0.715319
0.386423
0.433444
0.632409
0.504744
0.507014
0.436385
0.471516
0.503327
0.348781
0.589896
0.498225
0.349315
0.495649
0.443525
0.409390
0.406216
0.519314
0.551920
0.773075
0.890700
0.480719
0.455471
0.503245
0.441155
0.633788
0.382887
0.522351
0.543799
0.446391
0.506609
0.376843
0.582324
0.483668
0.705580
0.604325
0.651798
0.335941
0.639808
0.486312
0.517518
0.601006
0.388976
0.564916
0.514430
0.706026
0.434798
0.426494
0.381818
0.492773
0.697978
0.471208
0.522004
0.516907
0.626012
0.604141
0.649911
0.799399
0.453318
0.416488
0.569605
0.546028
0.502842
0.463071
0.710675
0.474928
0.429741
0.533349
0.350474
0.311448
0.641875
0.600825
0.391501
0.508804
0.625287
0.497041
0.735383
0.615840
0.470679
0.511523
0.657701
0.792246
0.492562
0.632413
0.392191
0.393102
0.519872
0.504508
0.446865
0.504089
0.669788
0.497492
0.546267
0.830299
0.433393
0.519972
0.588438
0.777043
0.550150
0.816385
0.615148
0.388079
0.376223
0.495253
0.609033
0.533289
0.412096
0.466506
0.505547
0.507173
0.464767
0.463819
0.450162
0.399346
0.414350
0.709485
0.440808
0.489051
0.964899
0.633093
0.475297
0.517550
0.558506
0.419075
0.516802
0.613286
0.617082
0.633993
0.549708
0.430992
0.541925
0.649788
0.471519
0.514489
0.620572
0.866456
0.594973
0.495443
0.412959
0.547805
0.435874
0.386399
0.515815
0.686013
0.566595
0.428792
0.718800
0.941069
0.542076
0.375626
0.525255
0.621819
0.845923
0.680445
0.381386
0.376501
0.473257
0.616528
0.494011
0.421698
0.829649
0.394945
0.412293
0.505803
0.610511
0.360538
0.484925
0.348701
0.472626
0.642570
0.568769
0.544619
0.613670
0.436529
0.408780
0.601659
0.532124
0.571379
0.557233
0.550108
0.517896
0.449402
0.667766
0.462703
0.416117
0.447924
0.436425
0.586034
0.655006
0.490699
0.432037
0.567702
0.438773
0.472805
0.427779
0.513740
0.469294
0.509301
0.572075
0.487066
0.613492
0.631257
0.778809
0.382873
0.544090
0.359055
0.451483
0.424342
0.611527
0.543571
0.570618
0.548764
0.529080
0.686950
0.762587
0.504542
0.544185
0.536793
0.695934
0.518941
0.489355
0.474248
0.530193
0.424686
0.427570
0.572195
0.549449
0.738162
0.445303
0.522465
0.620507
0.736982
0.544522
0.526980
0.455747
0.465588
0.383543
0.542847
0.603848
0.392594
0.439752
0.367237
0.465027
0.486891
0.555042
0.491856
0.437983
0.629954
0.572940
0.533493
0.535335
0.468625
0.514502
0.674772
0.581211
0.358266
0.533026
0.635363
0.525228
0.621640
0.552369
0.583772
0.403371
0.479328
0.446193
0.468290
0.438902
0.774230
0.415763
0.527163
0.494414
0.646332
0.726190
0.517205
0.406130
0.519296
0.845473
0.427729
0.687136
0.469162
0.478004
0.725994
0.530211
0.322171
0.410870
0.571360
0.412956
0.578151
0.538359
0.452875
0.474759
0.387841
0.513870
0.675918
0.544587
0.581626
0.655549
0.467403
0.473641
0.576364
0.485292
0.459196
0.653050
0.473830
0.456460
0.446251
0.421872
0.458896
0.423600
0.409071
0.391502
0.449151
0.396072
0.636968
0.494875
0.535370
0.600162
0.410593
0.407907
0.511687
0.385868
0.656584
0.679117
0.618169
0.509640
0.622408
0.517337
0.522195
0.522171
0.509082
0.578165
0.538908
0.435634
0.536884
0.613807
0.514659
0.618016
0.603827
0.523546
0.485437
0.452025
0.645149
0.605877
0.547260
0.445237
0.553152
0.394766
0.450250
0.564762
0.498998
0.507842
0.688088
0.797886
0.370037
0.425328
0.591502
0.531198
0.408325
0.489476
0.695700
0.446457
0.902710
0.625267
0.468667
0.529981
0.377142
0.465096
0.448678
0.679749
0.462178
0.602500
0.371823
0.597281
0.662643
0.605601
0.401836
0.478811
0.504190
0.526372
0.545748
0.552954
0.771208
0.736661
0.517631
0.665738
0.470068
0.748044
0.535385
0.374861
0.445101
0.688540
0.441794
0.864838
0.511674
0.641394
0.475279
0.547548
0.460441
0.676787
0.455176
1.120991
0.427159
0.475333
0.443835
0.495563
0.472168
0.477946
0.545461
0.530664
0.480358
0.522379
0.557659
0.547098
0.463338
0.521139
0.422896
0.526482
0.551225
0.401469
0.354083
0.455765
0.711011
0.380681
0.963564
0.559627
0.527508
0.373313
0.478130
0.837000
0.513659
0.574170
0.559129
0.504670
0.763322
0.627882
0.804981
0.569797
0.557450
0.509402
0.665886
0.440075
0.596116
0.519475
0.719840
0.468026
0.846821
0.642800
0.587712
0.511184
0.368186
0.505463
0.506410
0.499332
0.599922
0.414250
0.391302
0.558541
0.704980
0.350941
0.469749
0.670523
0.500681
0.490277
0.381057
0.432373
0.482605
0.575779
0.658258
0.710077
0.751878
0.533468
0.568296
0.593626
0.510065
0.442753
0.410013
0.479328
0.525270
0.566534
0.432422
0.391194
0.533758
0.695101
0.848255
0.414650
0.581210
0.444165
0.779629
0.439384
0.663403
0.700829
0.593694
0.514673
0.521636
0.615970
0.635625
0.746538
0.609841
0.468487
0.404422
0.498030
0.532989
0.522428
0.394979
0.621717
0.482951
0.431955
0.471398
0.531056
0.443281
0.517295
0.372979
0.681902
0.440030
0.587050
0.734165
0.461046
0.354357
0.451928
0.735471
0.901225
0.533868
0.621519
0.612198
0.555180
0.536789
0.427512
0.437262
0.538353
0.688613
0.584063
0.419103
0.630661
0.589236
0.412481
0.539418
0.576156
0.688459
0.639599
0.572210
0.403292
0.468851
0.488944
0.593670
0.373067
0.557173
0.505055
0.491470
0.733312
0.738981
0.471280
0.451826
0.595365
0.434300
0.494579
0.494737
0.394866
0.572674
0.483163
0.412440
0.515970
0.465202
0.581611
0.427532
0.507737
0.502040
0.486068
0.441439
0.645380
0.567525
0.412876
0.498336
0.610304
0.624497
0.548209
0.475617
0.552067
0.558202
0.466196
0.580537
0.427038
0.473050
0.492767
0.943312
0.910301
0.708549
0.578636
0.389159
0.478843
0.441087
0.461936
0.398394
0.383393
0.340689
0.639806
0.440653
0.621746
0.463879
0.483431
0.626299
0.515405
0.470225
0.419209
0.588011
0.411062
0.585327
0.488536
0.456995
0.623866
0.647671
0.603052
0.532274
0.457061
0.422410
0.737219
0.688756
0.428544
0.503354
0.376593
0.496905
0.493674
0.497418
0.606257
0.418566
0.552376
0.623876
0.488170
0.548141
0.400900
0.646809
0.493332
0.485774
0.558774
0.587454
0.390769
0.557948
0.397749
0.406108
0.594744
0.524638
0.540395
0.682119
0.464516
0.591931
0.599664
0.401694
0.476191
0.540147
0.417195
0.422554
0.686420
0.435900
0.528126
0.462119
0.667878
0.501101
0.487336
0.355203
0.608729
0.456241
0.361385
0.533361
0.607347
0.729431
0.568778
0.521300
0.551975
0.892347
0.393757
0.573919
0.614141
0.398610
0.501094
0.617911
0.447970
0.641467
0.486594
0.572162
0.692948
0.807302
0.664116
0.506177
0.581007
0.619717
0.468750
0.401933
0.734462
0.454254
0.430876
0.448379
0.344651
0.668456
0.447109
0.449423
0.531092
0.452008
0.440450
0.488308
0.426400
0.478673
0.597223
0.535136
0.374397
0.469730
0.480363
0.419631
0.435429
0.512581
0.652694
0.528337
0.576777
0.519515
0.546564
0.641692
0.439196
0.553888
0.488637
0.704446
0.678743
0.361567
0.428357
0.369875
0.451148
0.590846
0.459753
0.561037
0.512957
0.508386
0.567468
0.513670
0.476569
0.493738
0.443899
0.612467
0.586166
0.629707
0.499400
0.878608
0.338993
0.489864
0.486324
0.384817
0.365909
0.426795
0.490647
0.547004
0.556456
0.335366
0.479107
0.472408
0.896754
1.281326
0.515596
0.572373
0.485521
0.559921
0.464584
0.404298
0.545677
0.615442
0.395605
0.422424
0.483880
0.373702
0.542660
0.735123
0.549474
0.547188
0.548698
0.479043
0.569328
0.572238
0.528134
0.483251
0.409485
0.548809
0.612110
0.656363
0.666258
0.505671
0.543636
0.448157
0.442882
0.591071
0.497441
0.684680
0.687629
0.543982
0.525056
0.551744
0.829675
0.504667
0.562072
0.456348
0.632591
0.498310
0.559848
0.485975
0.620288
0.681259
0.867877
0.727737
0.384928
0.427388
0.515654
0.453536
0.679319
0.510118
0.532912
0.427943
0.579421
0.690971
0.555632
0.650353
0.474053
0.648304
0.588706
0.388356
0.549667
0.436717
0.532729
0.496499
0.605067
0.867809
0.684327
0.354446
0.561981
0.395828
0.527472
0.631424
0.544601
0.452230
0.481349
0.434211
0.520093
0.354082
0.447179
0.441283
0.486707
0.398845
0.614384
0.418372
0.445527
0.439826
0.508294
0.483967
0.485235
0.378400
0.510034
0.535010
0.616002
0.521949
0.526985
0.545810
0.379688
0.591908
0.699517
0.474924
0.361544
0.546981
0.602280
0.724282
0.367340
0.414676
0.527912
0.421726
0.607676
0.478007
0.401161
0.418441
0.757288
0.388030
0.442914
0.391738
0.538814
0.505065
0.482002
0.545500
0.589585
0.659792
0.490354
0.539647
0.452865
0.397173
0.519331
0.422489
0.673434
0.516638
0.647551
0.421802
0.469694
0.745438
0.544889
0.540369
0.528316
0.596097
0.607585
0.672701
0.381242
0.611434
0.544797
0.406472
0.445886
0.563225
0.482992
0.482492
0.519792
0.513934
0.489988
0.495263
0.591311
0.407163
0.510663
0.387463
0.451586
0.664619
0.548118
0.415899
0.488082
0.471268
0.465717
0.606917
0.516081
0.596583
0.481890
0.435816
0.532492
0.429419
0.602297
0.536736
0.611680
0.629226
0.511649
0.387215
0.534131
0.458607
0.524361
0.475532
0.368509
0.443048
0.611410
0.381214
0.716568
0.698524
0.485494
0.412375
0.405834
0.656853
0.538036
0.470440
0.399107
0.519018
0.409117
0.568887
0.665608
0.536993
0.468693
0.531319
0.492917
0.447928
0.422173
0.390640
0.722815
0.482506
0.529941
0.445616
0.465515
0.387729
0.560466
0.549811
0.466669
0.520620
0.607128
0.468016
0.524006
0.400826
0.621165
0.573428
0.452379
0.421321
0.584877
0.484207
0.405682
0.526290
0.550705
0.496603
0.576019
0.490562
0.562938
0.439134
0.496284
0.504196
0.702362
0.493358
0.401557
0.580528
0.782652
0.445736
0.521149
0.572600
0.483757
0.372458
0.513601
0.449544
0.436109
0.435892
0.463157
0.343140
0.577218
0.503879
0.356196
0.500373
0.423210
0.459781
0.471230
0.619807
0.486132
0.605290
0.543273
0.580260
0.524165
0.685469
0.584808
0.506055
0.561150
0.494673
0.535435
0.436453
0.431688
0.519904
0.534984
0.652382
0.568100
0.467149
0.375854
0.391207
0.514239
0.671182
0.693397
0.496342
0.411992
0.495008
0.487959
0.546005
0.592001
0.554858
0.500413
0.601274
0.524797
0.612723
0.434607
0.421274
0.403261
0.689773
0.477464
0.432889
0.999201
0.701068
0.599771
0.601589
0.449562
0.431779
0.372117
0.727663
0.616670
0.792308
0.537930
0.375523
0.491535
0.567639
0.703159
0.588395
0.608571
0.406846
0.491086
0.827247
0.506756
0.439322
0.559609
0.357322
0.535813
0.649871
0.655454
0.513294
0.492420
0.687190
0.592381
0.707764
0.655951
0.511638
0.794682
0.463484
1.023028
0.515325
0.397627
0.519902
0.506542
0.467118
0.509311
0.795882
0.493536
0.398305
0.648896
0.446552
0.518465
0.490571
0.476931
0.587853
0.483866
0.632250
0.430747
0.625994
0.508274
0.662495
0.839792
0.459842
0.439488
0.631411
0.533323
0.497446
0.610439
0.556756
0.546516
0.833013
0.381900
0.511644
0.688163
0.436044
0.513868
0.488977
0.416718
0.521523
0.455821
0.537642
0.515041
1.000955
0.607186
0.466216
0.508699
0.479563
0.508378
0.501104
0.593538
0.604401
0.880693
0.473280
0.446574
0.400009
0.563141
0.453595
0.431013
0.417760
0.509031
0.480329
0.369561
0.547479
0.401950
0.354553
0.347333
0.425823
0.381690
0.714365
0.591875
0.454336
0.464574
0.475341
0.553272
0.562917
0.640172
0.521792
0.494686
0.466775
0.730386
0.577003
0.492995
0.462489
0.664461
0.616597
0.567953
0.551512
0.582199
0.502275
0.588958
0.523674
0.660086
0.422479
0.414854
0.575903
0.468758
0.601404
0.460112
0.494379
0.550890
0.515178
0.416334
0.472888
0.537291
0.462237
0.502210
0.550484
0.475063
0.514062
0.477035
0.417405
0.720863
0.438709
0.469250
0.765978
0.614497
0.531098
0.411351
0.493031
0.516951
0.587110
0.565777
0.372817
0.533323
0.453951
0.583802
0.572684
0.836756
0.584292
0.500470
0.536411
0.421868
0.453629
0.531671
0.631826
0.400993
0.650564
0.507330
0.467145
0.705496
0.544752
0.435220
0.571606
0.829241
0.324346
0.463772
0.387422
0.622187
0.600859
0.561499
0.521110
0.511746
0.477397
0.365643
0.574226
0.600495
0.485218
0.446171
0.498172
0.541961
0.416481
0.633380
0.747218
0.408649
0.566643
0.599187
0.593714
0.617692
0.566531
0.490502
0.616187
0.753843
0.454307
0.581624
0.422226
0.488982
0.551913
0.752289
0.509972
0.533248
0.589648
0.534363
0.657427
0.485471
0.549539
0.934336
0.366969
0.522585
0.423191
0.535674
0.475513
0.534987
0.493472
0.387125
0.443948
0.419190
0.525384
0.719241
0.495060
0.653001
0.754303
0.574749
0.527668
0.585446
0.739663
0.665287
0.445520
0.488336
0.492699
0.556769
0.429233
0.587038
0.613256
0.568008
0.520258
0.645650
0.502946
0.430452
0.631548
0.780565
0.601510
0.600376
0.568488
0.486120
0.429623
0.479898
0.438315
0.608926
0.473230
0.538015
0.450155
0.494904
0.533458
0.443130
0.491773
0.475310
0.421524
0.440797
0.565476
0.548690
0.591563
0.754302
0.597110
0.475169
0.440460
0.516062
0.641004
0.534618
0.405335
0.396783
0.431012
0.432807
0.626492
0.422242
0.432378
0.603757
0.530264
0.595179
0.621969
0.577452
0.589215
0.576137
0.445776
0.406778
0.433410
0.725687
0.467321
0.427335
0.403335
0.491082
0.563465
0.591576
0.404340
0.474372
0.564034
0.538850
0.460520
0.532253
0.403528
0.733547
0.414941
0.517438
0.391548
0.526254
0.589419
0.545585
0.440578
0.460474
0.640169
0.488626
0.624125
0.499217
0.644617
0.606779
0.609530
0.500768
0.615333
0.523478
0.419583
0.462955
0.471790
0.458888
0.348253
0.610666
0.389847
0.486483
0.617948
0.562867
0.443187
0.485123
0.442554
0.527014
0.775329
0.817237
0.423009
0.543178
0.620287
0.514939
0.658530
0.421812
0.436710
0.595562
0.433727
0.987887
0.456470
0.411305
0.564934
0.612376
0.544188
0.623539
0.487278
